1.500000000000000000e+00 1.000000000000000000e+02 3.855251760918644299e-01
1.600000000000000089e+00 1.000000000000000000e+02 3.794558605247744243e-01
1.700000000000000178e+00 1.000000000000000000e+02 3.464187355520628175e-01
1.800000000000000266e+00 1.000000000000000000e+02 3.147519662128455131e-01
1.900000000000000355e+00 1.000000000000000000e+02 3.112060126098769031e-01
2.000000000000000444e+00 1.000000000000000000e+02 3.577898970022909131e-01
2.100000000000000533e+00 1.000000000000000000e+02 3.186486698107926507e-01
2.200000000000000622e+00 1.000000000000000000e+02 3.040123561405096986e-01
2.300000000000000711e+00 1.000000000000000000e+02 3.429774627756391192e-01
2.400000000000000799e+00 1.000000000000000000e+02 3.180175763862772564e-01
1.500000000000000000e+00 1.300000000000000000e+02 3.237069563027048513e-01
1.600000000000000089e+00 1.300000000000000000e+02 3.534186015908411527e-01
1.700000000000000178e+00 1.300000000000000000e+02 2.702227975288793438e-01
1.800000000000000266e+00 1.300000000000000000e+02 3.559688159653536799e-01
1.900000000000000355e+00 1.300000000000000000e+02 2.930515403566333887e-01
2.000000000000000444e+00 1.300000000000000000e+02 2.855953160489990150e-01
2.100000000000000533e+00 1.300000000000000000e+02 3.079235499404204823e-01
2.200000000000000622e+00 1.300000000000000000e+02 3.379001807307807637e-01
2.300000000000000711e+00 1.300000000000000000e+02 3.206711141668524556e-01
2.400000000000000799e+00 1.300000000000000000e+02 3.972154477187567201e-01
1.500000000000000000e+00 1.600000000000000000e+02 3.910285774015116456e-01
1.600000000000000089e+00 1.600000000000000000e+02 3.413175329818461945e-01
1.700000000000000178e+00 1.600000000000000000e+02 3.546252749511686897e-01
1.800000000000000266e+00 1.600000000000000000e+02 3.538336986137312623e-01
1.900000000000000355e+00 1.600000000000000000e+02 3.630076444722756257e-01
2.000000000000000444e+00 1.600000000000000000e+02 3.332822806359531098e-01
2.100000000000000533e+00 1.600000000000000000e+02 2.706934990354372683e-01
2.200000000000000622e+00 1.600000000000000000e+02 3.119215266098193107e-01
2.300000000000000711e+00 1.600000000000000000e+02 2.969567525593663770e-01
2.400000000000000799e+00 1.600000000000000000e+02 3.021513184979508493e-01
1.500000000000000000e+00 1.900000000000000000e+02 2.602578942042688137e-01
1.600000000000000089e+00 1.900000000000000000e+02 3.428069329347044336e-01
1.700000000000000178e+00 1.900000000000000000e+02 2.865365195166206247e-01
1.800000000000000266e+00 1.900000000000000000e+02 3.349681893824694168e-01
1.900000000000000355e+00 1.900000000000000000e+02 3.200724259234998259e-01
2.000000000000000444e+00 1.900000000000000000e+02 3.624695994106096331e-01
2.100000000000000533e+00 1.900000000000000000e+02 3.263153233794743313e-01
2.200000000000000622e+00 1.900000000000000000e+02 3.272987354513305913e-01
2.300000000000000711e+00 1.900000000000000000e+02 3.069965113249687461e-01
2.400000000000000799e+00 1.900000000000000000e+02 3.092470349492950632e-01
1.500000000000000000e+00 2.200000000000000000e+02 3.278699591673023273e-01
1.600000000000000089e+00 2.200000000000000000e+02 2.890637659407381266e-01
1.700000000000000178e+00 2.200000000000000000e+02 3.217052941519996656e-01
1.800000000000000266e+00 2.200000000000000000e+02 3.487400147414496665e-01
1.900000000000000355e+00 2.200000000000000000e+02 3.034345147297616840e-01
2.000000000000000444e+00 2.200000000000000000e+02 2.408917103420260553e-01
2.100000000000000533e+00 2.200000000000000000e+02 3.643034968516373207e-01
2.200000000000000622e+00 2.200000000000000000e+02 3.784602994727711556e-01
2.300000000000000711e+00 2.200000000000000000e+02 3.240072564310376713e-01
2.400000000000000799e+00 2.200000000000000000e+02 3.070928513210174904e-01
1.500000000000000000e+00 2.500000000000000000e+02 3.973444861592831945e-01
1.600000000000000089e+00 2.500000000000000000e+02 2.876261867279253925e-01
1.700000000000000178e+00 2.500000000000000000e+02 3.786196240714828631e-01
1.800000000000000266e+00 2.500000000000000000e+02 3.937596312236256724e-01
1.900000000000000355e+00 2.500000000000000000e+02 3.226880454119424035e-01
2.000000000000000444e+00 2.500000000000000000e+02 2.988969116852904229e-01
2.100000000000000533e+00 2.500000000000000000e+02 2.778953600727653850e-01
2.200000000000000622e+00 2.500000000000000000e+02 2.786931102104326374e-01
2.300000000000000711e+00 2.500000000000000000e+02 3.384756236164303544e-01
2.400000000000000799e+00 2.500000000000000000e+02 3.099862129892780871e-01
1.500000000000000000e+00 2.800000000000000000e+02 3.853590368203816396e-01
1.600000000000000089e+00 2.800000000000000000e+02 2.925270302478559792e-01
1.700000000000000178e+00 2.800000000000000000e+02 2.518699043727073983e-01
1.800000000000000266e+00 2.800000000000000000e+02 2.969920905529287447e-01
1.900000000000000355e+00 2.800000000000000000e+02 3.252713627064849344e-01
2.000000000000000444e+00 2.800000000000000000e+02 3.517808270778047808e-01
2.100000000000000533e+00 2.800000000000000000e+02 2.339735521983523636e-01
2.200000000000000622e+00 2.800000000000000000e+02 3.799200296850682168e-01
2.300000000000000711e+00 2.800000000000000000e+02 3.779518586652669265e-01
2.400000000000000799e+00 2.800000000000000000e+02 3.520196512029589719e-01
1.500000000000000000e+00 3.100000000000000000e+02 3.748805291670550544e-01
1.600000000000000089e+00 3.100000000000000000e+02 2.838582603203556598e-01
1.700000000000000178e+00 3.100000000000000000e+02 3.435703703264874065e-01
1.800000000000000266e+00 3.100000000000000000e+02 3.131800022598462130e-01
1.900000000000000355e+00 3.100000000000000000e+02 2.999524885872700830e-01
2.000000000000000444e+00 3.100000000000000000e+02 3.983777403013435414e-01
2.100000000000000533e+00 3.100000000000000000e+02 3.476426288647829210e-01
2.200000000000000622e+00 3.100000000000000000e+02 3.333845951983387401e-01
2.300000000000000711e+00 3.100000000000000000e+02 2.548295616066356128e-01
2.400000000000000799e+00 3.100000000000000000e+02 3.090109373599951859e-01
1.500000000000000000e+00 3.400000000000000000e+02 3.599825068176337739e-01
1.600000000000000089e+00 3.400000000000000000e+02 2.764957006023623931e-01
1.700000000000000178e+00 3.400000000000000000e+02 3.123928911408250242e-01
1.800000000000000266e+00 3.400000000000000000e+02 3.034954922826339496e-01
1.900000000000000355e+00 3.400000000000000000e+02 3.044290265914398885e-01
2.000000000000000444e+00 3.400000000000000000e+02 3.370923276310396899e-01
2.100000000000000533e+00 3.400000000000000000e+02 3.883636187641799076e-01
2.200000000000000622e+00 3.400000000000000000e+02 3.464019710491631487e-01
2.300000000000000711e+00 3.400000000000000000e+02 3.184208899968434814e-01
2.400000000000000799e+00 3.400000000000000000e+02 3.317668561538822392e-01
1.500000000000000000e+00 3.700000000000000000e+02 3.538237135261412813e-01
1.600000000000000089e+00 3.700000000000000000e+02 3.877811477311685628e-01
1.700000000000000178e+00 3.700000000000000000e+02 3.439128343369692864e-01
1.800000000000000266e+00 3.700000000000000000e+02 2.897257937186279442e-01
1.900000000000000355e+00 3.700000000000000000e+02 2.958688434041574222e-01
2.000000000000000444e+00 3.700000000000000000e+02 3.665504318913226367e-01
2.100000000000000533e+00 3.700000000000000000e+02 3.393065830781903935e-01
2.200000000000000622e+00 3.700000000000000000e+02 3.051515360103266294e-01
2.300000000000000711e+00 3.700000000000000000e+02 3.515181331015875266e-01
2.400000000000000799e+00 3.700000000000000000e+02 3.585476340996311961e-01
1.500000000000000000e+00 4.000000000000000000e+02 3.519199403408129756e-01
1.600000000000000089e+00 4.000000000000000000e+02 3.338616327259208427e-01
1.700000000000000178e+00 4.000000000000000000e+02 3.097658234599863780e-01
1.800000000000000266e+00 4.000000000000000000e+02 3.915585861717603144e-01
1.900000000000000355e+00 4.000000000000000000e+02 3.638820528072821414e-01
2.000000000000000444e+00 4.000000000000000000e+02 3.778645961414834886e-01
2.100000000000000533e+00 4.000000000000000000e+02 3.305711674415604540e-01
2.200000000000000622e+00 4.000000000000000000e+02 3.167022008181690218e-01
2.300000000000000711e+00 4.000000000000000000e+02 3.063952273765681023e-01
2.400000000000000799e+00 4.000000000000000000e+02 3.107179692010281213e-01
1.500000000000000000e+00 4.300000000000000000e+02 2.957312314732511993e-01
1.600000000000000089e+00 4.300000000000000000e+02 4.156737194620828690e-01
1.700000000000000178e+00 4.300000000000000000e+02 3.472603009970746113e-01
1.800000000000000266e+00 4.300000000000000000e+02 3.139582309539846738e-01
1.900000000000000355e+00 4.300000000000000000e+02 3.695403378013319973e-01
2.000000000000000444e+00 4.300000000000000000e+02 3.429581373690808732e-01
2.100000000000000533e+00 4.300000000000000000e+02 2.675626786343011654e-01
2.200000000000000622e+00 4.300000000000000000e+02 3.385944398111706555e-01
2.300000000000000711e+00 4.300000000000000000e+02 2.767471115450739205e-01
2.400000000000000799e+00 4.300000000000000000e+02 3.049550869357410265e-01
1.500000000000000000e+00 4.600000000000000000e+02 3.409080956515707639e-01
1.600000000000000089e+00 4.600000000000000000e+02 2.925936366545494050e-01
1.700000000000000178e+00 4.600000000000000000e+02 2.836454782493649240e-01
1.800000000000000266e+00 4.600000000000000000e+02 3.083228404175381021e-01
1.900000000000000355e+00 4.600000000000000000e+02 3.568922619577593602e-01
2.000000000000000444e+00 4.600000000000000000e+02 4.520408847268662100e-01
2.100000000000000533e+00 4.600000000000000000e+02 3.544196581935020740e-01
2.200000000000000622e+00 4.600000000000000000e+02 3.692601183348512839e-01
2.300000000000000711e+00 4.600000000000000000e+02 3.065313861728660161e-01
2.400000000000000799e+00 4.600000000000000000e+02 3.403465288254703403e-01
1.500000000000000000e+00 4.900000000000000000e+02 4.361470889779373028e-01
1.600000000000000089e+00 4.900000000000000000e+02 3.612851184868185461e-01
1.700000000000000178e+00 4.900000000000000000e+02 3.054350490931949658e-01
1.800000000000000266e+00 4.900000000000000000e+02 2.656716685004306688e-01
1.900000000000000355e+00 4.900000000000000000e+02 4.261922005678956404e-01
2.000000000000000444e+00 4.900000000000000000e+02 2.511435946194650048e-01
2.100000000000000533e+00 4.900000000000000000e+02 3.035955785071435820e-01
2.200000000000000622e+00 4.900000000000000000e+02 3.498629793974373792e-01
2.300000000000000711e+00 4.900000000000000000e+02 2.912032701200127915e-01
2.400000000000000799e+00 4.900000000000000000e+02 2.316859905794595997e-01
1.500000000000000000e+00 5.200000000000000000e+02 3.141523266573453821e-01
1.600000000000000089e+00 5.200000000000000000e+02 2.738738491170416012e-01
1.700000000000000178e+00 5.200000000000000000e+02 3.531329788027767203e-01
1.800000000000000266e+00 5.200000000000000000e+02 2.331435635538005036e-01
1.900000000000000355e+00 5.200000000000000000e+02 4.203482710904642428e-01
2.000000000000000444e+00 5.200000000000000000e+02 3.326821962912913655e-01
2.100000000000000533e+00 5.200000000000000000e+02 2.984015489631877127e-01
2.200000000000000622e+00 5.200000000000000000e+02 2.654473277881821414e-01
2.300000000000000711e+00 5.200000000000000000e+02 3.239487609805081769e-01
2.400000000000000799e+00 5.200000000000000000e+02 2.930414942234007558e-01
