1.500000000000000000e+00 4.000000000000000000e+02 2.985108091001626995e-01
1.699999999999999956e+00 4.000000000000000000e+02 3.943202315242957390e-01
1.899999999999999911e+00 4.000000000000000000e+02 4.466507627191258489e-01
2.099999999999999645e+00 4.000000000000000000e+02 3.359276457384710035e-01
2.299999999999999822e+00 4.000000000000000000e+02 3.088814435250640811e-01
2.500000000000000000e+00 4.000000000000000000e+02 2.979035259941451574e-01
2.699999999999999734e+00 4.000000000000000000e+02 3.565514770972961767e-01
1.500000000000000000e+00 4.300000000000000000e+02 3.106893128097473200e-01
1.699999999999999956e+00 4.300000000000000000e+02 3.456373692347353144e-01
1.899999999999999911e+00 4.300000000000000000e+02 2.886656228346633490e-01
2.099999999999999645e+00 4.300000000000000000e+02 3.574601080867078062e-01
2.299999999999999822e+00 4.300000000000000000e+02 2.740797138035576674e-01
2.500000000000000000e+00 4.300000000000000000e+02 2.908232374285047994e-01
2.699999999999999734e+00 4.300000000000000000e+02 3.568780758809525500e-01
1.500000000000000000e+00 4.600000000000000000e+02 3.270707249249094062e-01
1.699999999999999956e+00 4.600000000000000000e+02 3.329204933191733939e-01
1.899999999999999911e+00 4.600000000000000000e+02 2.983596246843343014e-01
2.099999999999999645e+00 4.600000000000000000e+02 2.820376676891505063e-01
2.299999999999999822e+00 4.600000000000000000e+02 3.627491066298708100e-01
2.500000000000000000e+00 4.600000000000000000e+02 2.594813246838530985e-01
2.699999999999999734e+00 4.600000000000000000e+02 4.270245375296088941e-01
1.500000000000000000e+00 4.900000000000000000e+02 2.960829450881068414e-01
1.699999999999999956e+00 4.900000000000000000e+02 3.638772241768748472e-01
1.899999999999999911e+00 4.900000000000000000e+02 3.080580108295165598e-01
2.099999999999999645e+00 4.900000000000000000e+02 2.586308197665594388e-01
2.299999999999999822e+00 4.900000000000000000e+02 2.823183294758606632e-01
2.500000000000000000e+00 4.900000000000000000e+02 2.651007162590144350e-01
2.699999999999999734e+00 4.900000000000000000e+02 3.958798098792734033e-01
1.500000000000000000e+00 5.200000000000000000e+02 3.746881355871806152e-01
1.699999999999999956e+00 5.200000000000000000e+02 3.597145032098281181e-01
1.899999999999999911e+00 5.200000000000000000e+02 3.044798425847191625e-01
2.099999999999999645e+00 5.200000000000000000e+02 2.737520903042296450e-01
2.299999999999999822e+00 5.200000000000000000e+02 3.795146185168587483e-01
2.500000000000000000e+00 5.200000000000000000e+02 3.260016804462971818e-01
2.699999999999999734e+00 5.200000000000000000e+02 3.313655575766660810e-01
1.500000000000000000e+00 5.500000000000000000e+02 3.358556437720763288e-01
1.699999999999999956e+00 5.500000000000000000e+02 2.786360751728856888e-01
1.899999999999999911e+00 5.500000000000000000e+02 3.247836206940439840e-01
2.099999999999999645e+00 5.500000000000000000e+02 3.725741805844499099e-01
2.299999999999999822e+00 5.500000000000000000e+02 3.199343646424690490e-01
2.500000000000000000e+00 5.500000000000000000e+02 3.492494253497713252e-01
2.699999999999999734e+00 5.500000000000000000e+02 3.505127324785596299e-01
1.500000000000000000e+00 5.800000000000000000e+02 4.296967458409597374e-01
1.699999999999999956e+00 5.800000000000000000e+02 3.442525311335837834e-01
1.899999999999999911e+00 5.800000000000000000e+02 3.908867718482677001e-01
2.099999999999999645e+00 5.800000000000000000e+02 2.355105580420784328e-01
2.299999999999999822e+00 5.800000000000000000e+02 3.269345839926606212e-01
2.500000000000000000e+00 5.800000000000000000e+02 3.183681732753540494e-01
2.699999999999999734e+00 5.800000000000000000e+02 3.862671116191058740e-01
1.500000000000000000e+00 6.100000000000000000e+02 4.209557094056960436e-01
1.699999999999999956e+00 6.100000000000000000e+02 3.923967847308522661e-01
1.899999999999999911e+00 6.100000000000000000e+02 3.150252002215226943e-01
2.099999999999999645e+00 6.100000000000000000e+02 3.338389082265369456e-01
2.299999999999999822e+00 6.100000000000000000e+02 2.483447326476582173e-01
2.500000000000000000e+00 6.100000000000000000e+02 3.331125897776767708e-01
2.699999999999999734e+00 6.100000000000000000e+02 4.001402702667142819e-01
1.500000000000000000e+00 6.400000000000000000e+02 3.796378567118045000e-01
1.699999999999999956e+00 6.400000000000000000e+02 2.811545895893470259e-01
1.899999999999999911e+00 6.400000000000000000e+02 3.353189884775638063e-01
2.099999999999999645e+00 6.400000000000000000e+02 3.182651554907917069e-01
2.299999999999999822e+00 6.400000000000000000e+02 2.964222543719698955e-01
2.500000000000000000e+00 6.400000000000000000e+02 2.943816813323637538e-01
2.699999999999999734e+00 6.400000000000000000e+02 3.981107851449232626e-01
1.500000000000000000e+00 6.700000000000000000e+02 3.170645859357384966e-01
1.699999999999999956e+00 6.700000000000000000e+02 4.041592514879416287e-01
1.899999999999999911e+00 6.700000000000000000e+02 2.868047057984345338e-01
2.099999999999999645e+00 6.700000000000000000e+02 2.532117633719214167e-01
2.299999999999999822e+00 6.700000000000000000e+02 2.959978042238703422e-01
2.500000000000000000e+00 6.700000000000000000e+02 3.259273005601963646e-01
2.699999999999999734e+00 6.700000000000000000e+02 3.486232794913042277e-01
1.500000000000000000e+00 7.000000000000000000e+02 3.633336251571738229e-01
1.699999999999999956e+00 7.000000000000000000e+02 3.950502931364152648e-01
1.899999999999999911e+00 7.000000000000000000e+02 3.012661649440306899e-01
2.099999999999999645e+00 7.000000000000000000e+02 2.994535573455201494e-01
2.299999999999999822e+00 7.000000000000000000e+02 3.460141815542494559e-01
2.500000000000000000e+00 7.000000000000000000e+02 3.214376706031389919e-01
2.699999999999999734e+00 7.000000000000000000e+02 3.500050694183939326e-01
1.500000000000000000e+00 7.300000000000000000e+02 3.868483385418539644e-01
1.699999999999999956e+00 7.300000000000000000e+02 3.084385311966557630e-01
1.899999999999999911e+00 7.300000000000000000e+02 2.929969980977363830e-01
2.099999999999999645e+00 7.300000000000000000e+02 3.126384387581162549e-01
2.299999999999999822e+00 7.300000000000000000e+02 3.557653035536303410e-01
2.500000000000000000e+00 7.300000000000000000e+02 3.139093934868248947e-01
2.699999999999999734e+00 7.300000000000000000e+02 3.455158690932481624e-01
1.500000000000000000e+00 7.600000000000000000e+02 3.539802559813129967e-01
1.699999999999999956e+00 7.600000000000000000e+02 3.049977944196533564e-01
1.899999999999999911e+00 7.600000000000000000e+02 3.165166895755696652e-01
2.099999999999999645e+00 7.600000000000000000e+02 3.943718013504944331e-01
2.299999999999999822e+00 7.600000000000000000e+02 2.860062732330425073e-01
2.500000000000000000e+00 7.600000000000000000e+02 3.184455720496067732e-01
2.699999999999999734e+00 7.600000000000000000e+02 3.320357101564730407e-01
1.500000000000000000e+00 7.900000000000000000e+02 3.390730916650492865e-01
1.699999999999999956e+00 7.900000000000000000e+02 2.909348653496873771e-01
1.899999999999999911e+00 7.900000000000000000e+02 2.884529663009182121e-01
2.099999999999999645e+00 7.900000000000000000e+02 2.809482587720023572e-01
2.299999999999999822e+00 7.900000000000000000e+02 3.571959409924988504e-01
2.500000000000000000e+00 7.900000000000000000e+02 3.979545060924063460e-01
2.699999999999999734e+00 7.900000000000000000e+02 3.291026424945046047e-01
1.500000000000000000e+00 8.200000000000000000e+02 4.507687207160142595e-01
1.699999999999999956e+00 8.200000000000000000e+02 3.340571368326088475e-01
1.899999999999999911e+00 8.200000000000000000e+02 3.265537850197364200e-01
2.099999999999999645e+00 8.200000000000000000e+02 3.449844103179193766e-01
2.299999999999999822e+00 8.200000000000000000e+02 3.185593286047382344e-01
2.500000000000000000e+00 8.200000000000000000e+02 3.052432680442129787e-01
2.699999999999999734e+00 8.200000000000000000e+02 3.088175709815046410e-01
