2.000000000000000000e+00 1.000000000000000000e+02 3.201002862051985920e-01
2.100000000000000089e+00 1.000000000000000000e+02 3.584424088072868386e-01
2.200000000000000178e+00 1.000000000000000000e+02 3.059059451078895986e-01
2.300000000000000266e+00 1.000000000000000000e+02 2.609105198968992845e-01
2.400000000000000355e+00 1.000000000000000000e+02 3.121673700588183387e-01
2.500000000000000444e+00 1.000000000000000000e+02 3.018533526664417543e-01
2.600000000000000533e+00 1.000000000000000000e+02 3.224027682351534585e-01
2.700000000000000622e+00 1.000000000000000000e+02 3.421224391383564933e-01
2.800000000000000711e+00 1.000000000000000000e+02 3.405336170328231438e-01
2.900000000000000799e+00 1.000000000000000000e+02 3.684856042765483064e-01
2.000000000000000000e+00 1.200000000000000000e+02 3.259004582889375445e-01
2.100000000000000089e+00 1.200000000000000000e+02 3.124041619086933563e-01
2.200000000000000178e+00 1.200000000000000000e+02 3.350110997260270507e-01
2.300000000000000266e+00 1.200000000000000000e+02 2.287926091544951746e-01
2.400000000000000355e+00 1.200000000000000000e+02 2.982029630082293492e-01
2.500000000000000444e+00 1.200000000000000000e+02 3.265779556125364413e-01
2.600000000000000533e+00 1.200000000000000000e+02 4.085935322429582461e-01
2.700000000000000622e+00 1.200000000000000000e+02 2.732410877280657679e-01
2.800000000000000711e+00 1.200000000000000000e+02 2.987502971827804554e-01
2.900000000000000799e+00 1.200000000000000000e+02 3.384469814634816220e-01
2.000000000000000000e+00 1.400000000000000000e+02 3.228277594229388425e-01
2.100000000000000089e+00 1.400000000000000000e+02 3.093214450835958251e-01
2.200000000000000178e+00 1.400000000000000000e+02 3.777341093993342724e-01
2.300000000000000266e+00 1.400000000000000000e+02 2.450144572809477284e-01
2.400000000000000355e+00 1.400000000000000000e+02 3.615186290552669934e-01
2.500000000000000444e+00 1.400000000000000000e+02 2.836777539259075498e-01
2.600000000000000533e+00 1.400000000000000000e+02 3.365554894111153494e-01
2.700000000000000622e+00 1.400000000000000000e+02 3.094205385987254253e-01
2.800000000000000711e+00 1.400000000000000000e+02 3.654694495266443965e-01
2.900000000000000799e+00 1.400000000000000000e+02 3.924571394533630242e-01
2.000000000000000000e+00 1.600000000000000000e+02 2.921592679467333031e-01
2.100000000000000089e+00 1.600000000000000000e+02 2.852520024033931012e-01
2.200000000000000178e+00 1.600000000000000000e+02 3.068544819156098225e-01
2.300000000000000266e+00 1.600000000000000000e+02 3.238937159314323466e-01
2.400000000000000355e+00 1.600000000000000000e+02 2.829745941995016612e-01
2.500000000000000444e+00 1.600000000000000000e+02 3.613256371953786905e-01
2.600000000000000533e+00 1.600000000000000000e+02 2.560454934301400476e-01
2.700000000000000622e+00 1.600000000000000000e+02 3.991308119776769692e-01
2.800000000000000711e+00 1.600000000000000000e+02 3.823072078712249633e-01
2.900000000000000799e+00 1.600000000000000000e+02 3.069961756900476679e-01
2.000000000000000000e+00 1.800000000000000000e+02 4.223925819227702938e-01
2.100000000000000089e+00 1.800000000000000000e+02 3.298084049180518562e-01
2.200000000000000178e+00 1.800000000000000000e+02 2.609497305949105561e-01
2.300000000000000266e+00 1.800000000000000000e+02 3.881164044999952933e-01
2.400000000000000355e+00 1.800000000000000000e+02 3.240839988010194572e-01
2.500000000000000444e+00 1.800000000000000000e+02 2.889020879158965549e-01
2.600000000000000533e+00 1.800000000000000000e+02 3.479864227275386579e-01
2.700000000000000622e+00 1.800000000000000000e+02 2.800823175631235173e-01
2.800000000000000711e+00 1.800000000000000000e+02 3.576309780587090259e-01
2.900000000000000799e+00 1.800000000000000000e+02 4.008505106754124414e-01
2.000000000000000000e+00 2.000000000000000000e+02 3.842400086320316710e-01
2.100000000000000089e+00 2.000000000000000000e+02 3.085146141460751723e-01
2.200000000000000178e+00 2.000000000000000000e+02 3.379423410024563479e-01
2.300000000000000266e+00 2.000000000000000000e+02 3.647148495405935220e-01
2.400000000000000355e+00 2.000000000000000000e+02 3.262980999073341604e-01
2.500000000000000444e+00 2.000000000000000000e+02 3.242928036941051806e-01
2.600000000000000533e+00 2.000000000000000000e+02 3.565703923501030159e-01
2.700000000000000622e+00 2.000000000000000000e+02 3.151871191999136013e-01
2.800000000000000711e+00 2.000000000000000000e+02 2.722030696439272646e-01
2.900000000000000799e+00 2.000000000000000000e+02 3.112409775103811560e-01
2.000000000000000000e+00 2.200000000000000000e+02 3.331324324157741712e-01
2.100000000000000089e+00 2.200000000000000000e+02 2.958102711293333353e-01
2.200000000000000178e+00 2.200000000000000000e+02 3.005999243586345848e-01
2.300000000000000266e+00 2.200000000000000000e+02 3.628321441736547248e-01
2.400000000000000355e+00 2.200000000000000000e+02 2.917359199850143581e-01
2.500000000000000444e+00 2.200000000000000000e+02 2.550229663532773694e-01
2.600000000000000533e+00 2.200000000000000000e+02 3.184398270614949844e-01
2.700000000000000622e+00 2.200000000000000000e+02 3.683088852824204507e-01
2.800000000000000711e+00 2.200000000000000000e+02 2.975857025609798256e-01
2.900000000000000799e+00 2.200000000000000000e+02 3.353443850446019558e-01
2.000000000000000000e+00 2.400000000000000000e+02 2.954061132648686527e-01
2.100000000000000089e+00 2.400000000000000000e+02 3.418332527620243644e-01
2.200000000000000178e+00 2.400000000000000000e+02 2.854177939240193362e-01
2.300000000000000266e+00 2.400000000000000000e+02 3.022992923847735991e-01
2.400000000000000355e+00 2.400000000000000000e+02 3.102143237063101910e-01
2.500000000000000444e+00 2.400000000000000000e+02 3.066809025245302855e-01
2.600000000000000533e+00 2.400000000000000000e+02 3.381478185346622478e-01
2.700000000000000622e+00 2.400000000000000000e+02 3.307180674364867956e-01
2.800000000000000711e+00 2.400000000000000000e+02 2.667723125952915497e-01
2.900000000000000799e+00 2.400000000000000000e+02 3.438868612297371063e-01
2.000000000000000000e+00 2.600000000000000000e+02 3.541108403391369785e-01
2.100000000000000089e+00 2.600000000000000000e+02 4.100951251598791147e-01
2.200000000000000178e+00 2.600000000000000000e+02 2.537527179215534057e-01
2.300000000000000266e+00 2.600000000000000000e+02 3.132960287335554428e-01
2.400000000000000355e+00 2.600000000000000000e+02 2.786256495072074735e-01
2.500000000000000444e+00 2.600000000000000000e+02 2.741443634218588832e-01
2.600000000000000533e+00 2.600000000000000000e+02 3.523496097368485902e-01
2.700000000000000622e+00 2.600000000000000000e+02 2.791613947312683308e-01
2.800000000000000711e+00 2.600000000000000000e+02 3.169885525114460867e-01
2.900000000000000799e+00 2.600000000000000000e+02 3.557247897421376148e-01
2.000000000000000000e+00 2.800000000000000000e+02 3.313148839740805984e-01
2.100000000000000089e+00 2.800000000000000000e+02 2.867469289315127678e-01
2.200000000000000178e+00 2.800000000000000000e+02 3.068196375720330105e-01
2.300000000000000266e+00 2.800000000000000000e+02 2.906628750104151004e-01
2.400000000000000355e+00 2.800000000000000000e+02 4.421286771864357812e-01
2.500000000000000444e+00 2.800000000000000000e+02 3.561363971974547127e-01
2.600000000000000533e+00 2.800000000000000000e+02 3.456264994646262023e-01
2.700000000000000622e+00 2.800000000000000000e+02 3.719102610645435014e-01
2.800000000000000711e+00 2.800000000000000000e+02 3.128410066292155456e-01
2.900000000000000799e+00 2.800000000000000000e+02 3.127727311023040802e-01
2.000000000000000000e+00 3.000000000000000000e+02 3.767695189265065636e-01
2.100000000000000089e+00 3.000000000000000000e+02 3.220645030442298440e-01
2.200000000000000178e+00 3.000000000000000000e+02 3.389116302990878848e-01
2.300000000000000266e+00 3.000000000000000000e+02 2.996695403847526862e-01
2.400000000000000355e+00 3.000000000000000000e+02 2.895166510975351049e-01
2.500000000000000444e+00 3.000000000000000000e+02 3.721315169395028599e-01
2.600000000000000533e+00 3.000000000000000000e+02 2.948194769157193029e-01
2.700000000000000622e+00 3.000000000000000000e+02 2.980155718816138721e-01
2.800000000000000711e+00 3.000000000000000000e+02 2.975696475478951664e-01
2.900000000000000799e+00 3.000000000000000000e+02 2.886510600831114770e-01
2.000000000000000000e+00 3.200000000000000000e+02 3.040780770241060527e-01
2.100000000000000089e+00 3.200000000000000000e+02 3.687068662168312416e-01
2.200000000000000178e+00 3.200000000000000000e+02 3.437977172463243525e-01
2.300000000000000266e+00 3.200000000000000000e+02 2.936086765055881953e-01
2.400000000000000355e+00 3.200000000000000000e+02 3.165770473287926601e-01
2.500000000000000444e+00 3.200000000000000000e+02 3.238064536160609741e-01
2.600000000000000533e+00 3.200000000000000000e+02 2.993862760483305685e-01
2.700000000000000622e+00 3.200000000000000000e+02 3.016334121797269452e-01
2.800000000000000711e+00 3.200000000000000000e+02 3.538735339652558931e-01
2.900000000000000799e+00 3.200000000000000000e+02 2.840890378871497868e-01
2.000000000000000000e+00 3.400000000000000000e+02 2.851089868168783514e-01
2.100000000000000089e+00 3.400000000000000000e+02 3.148742126693329091e-01
2.200000000000000178e+00 3.400000000000000000e+02 2.985274173042873347e-01
2.300000000000000266e+00 3.400000000000000000e+02 3.263029390922151940e-01
2.400000000000000355e+00 3.400000000000000000e+02 3.783172802116996358e-01
2.500000000000000444e+00 3.400000000000000000e+02 3.061500981786882125e-01
2.600000000000000533e+00 3.400000000000000000e+02 2.741947582115114024e-01
2.700000000000000622e+00 3.400000000000000000e+02 3.065226925745733189e-01
2.800000000000000711e+00 3.400000000000000000e+02 3.103359876340284762e-01
2.900000000000000799e+00 3.400000000000000000e+02 3.298355043560223798e-01
2.000000000000000000e+00 3.600000000000000000e+02 3.357886351769749922e-01
2.100000000000000089e+00 3.600000000000000000e+02 3.374524314694830052e-01
2.200000000000000178e+00 3.600000000000000000e+02 3.031333690701619732e-01
2.300000000000000266e+00 3.600000000000000000e+02 3.744909215158610527e-01
2.400000000000000355e+00 3.600000000000000000e+02 3.078019624992358594e-01
2.500000000000000444e+00 3.600000000000000000e+02 3.213366216453911184e-01
2.600000000000000533e+00 3.600000000000000000e+02 3.580439328780778974e-01
2.700000000000000622e+00 3.600000000000000000e+02 3.743481614777729449e-01
2.800000000000000711e+00 3.600000000000000000e+02 2.974190140634688229e-01
2.900000000000000799e+00 3.600000000000000000e+02 4.519458104044237201e-01
2.000000000000000000e+00 3.800000000000000000e+02 3.647777500242512794e-01
2.100000000000000089e+00 3.800000000000000000e+02 3.446094839008224664e-01
2.200000000000000178e+00 3.800000000000000000e+02 3.081552049243678759e-01
2.300000000000000266e+00 3.800000000000000000e+02 3.660324878561199702e-01
2.400000000000000355e+00 3.800000000000000000e+02 2.666366244452945677e-01
2.500000000000000444e+00 3.800000000000000000e+02 3.170809489904038436e-01
2.600000000000000533e+00 3.800000000000000000e+02 3.717261919785566082e-01
2.700000000000000622e+00 3.800000000000000000e+02 3.495363736352935513e-01
2.800000000000000711e+00 3.800000000000000000e+02 3.930896976428593925e-01
2.900000000000000799e+00 3.800000000000000000e+02 3.435065025035425323e-01
