-2.500000000000000000e+00 1.500000000000000000e+00 1.000000000000000000e+02 2.739242810398806460e-01
-2.500000000000000000e+00 1.500000000000000000e+00 1.800000000000000000e+02 3.854230635625716106e-01
-2.500000000000000000e+00 1.500000000000000000e+00 2.600000000000000000e+02 3.187211109285561506e-01
-2.500000000000000000e+00 1.500000000000000000e+00 3.400000000000000000e+02 3.964898761724180432e-01
-2.500000000000000000e+00 1.500000000000000000e+00 4.200000000000000000e+02 3.041689553809203694e-01
-2.500000000000000000e+00 1.500000000000000000e+00 5.000000000000000000e+02 3.236904797878464857e-01
-2.350000000000000089e+00 1.500000000000000000e+00 1.000000000000000000e+02 3.015352888602005343e-01
-2.350000000000000089e+00 1.500000000000000000e+00 1.800000000000000000e+02 3.114391001714826857e-01
-2.350000000000000089e+00 1.500000000000000000e+00 2.600000000000000000e+02 3.712589629849795125e-01
-2.350000000000000089e+00 1.500000000000000000e+00 3.400000000000000000e+02 3.480371446944318103e-01
-2.350000000000000089e+00 1.500000000000000000e+00 4.200000000000000000e+02 2.773286291273064919e-01
-2.350000000000000089e+00 1.500000000000000000e+00 5.000000000000000000e+02 2.433604798796650259e-01
-2.200000000000000178e+00 1.500000000000000000e+00 1.000000000000000000e+02 3.078162636426280407e-01
-2.200000000000000178e+00 1.500000000000000000e+00 1.800000000000000000e+02 2.868451896376035259e-01
-2.200000000000000178e+00 1.500000000000000000e+00 2.600000000000000000e+02 3.115487083422632253e-01
-2.200000000000000178e+00 1.500000000000000000e+00 3.400000000000000000e+02 3.298796526379450533e-01
-2.200000000000000178e+00 1.500000000000000000e+00 4.200000000000000000e+02 3.409348607873422532e-01
-2.200000000000000178e+00 1.500000000000000000e+00 5.000000000000000000e+02 3.504791552638651941e-01
-2.050000000000000266e+00 1.500000000000000000e+00 1.000000000000000000e+02 3.486336564594005871e-01
-2.050000000000000266e+00 1.500000000000000000e+00 1.800000000000000000e+02 3.436427820251993781e-01
-2.050000000000000266e+00 1.500000000000000000e+00 2.600000000000000000e+02 2.921897456770909951e-01
-2.050000000000000266e+00 1.500000000000000000e+00 3.400000000000000000e+02 2.987371622811116900e-01
-2.050000000000000266e+00 1.500000000000000000e+00 4.200000000000000000e+02 2.765501305027119328e-01
-2.050000000000000266e+00 1.500000000000000000e+00 5.000000000000000000e+02 3.283520694326503842e-01
-1.900000000000000355e+00 1.500000000000000000e+00 1.000000000000000000e+02 3.143837370249796814e-01
-1.900000000000000355e+00 1.500000000000000000e+00 1.800000000000000000e+02 2.922611135813222294e-01
-1.900000000000000355e+00 1.500000000000000000e+00 2.600000000000000000e+02 3.839798640604465962e-01
-1.900000000000000355e+00 1.500000000000000000e+00 3.400000000000000000e+02 2.862984219265070074e-01
-1.900000000000000355e+00 1.500000000000000000e+00 4.200000000000000000e+02 2.944713339188669288e-01
-1.900000000000000355e+00 1.500000000000000000e+00 5.000000000000000000e+02 2.733344123606253895e-01
-1.750000000000000444e+00 1.500000000000000000e+00 1.000000000000000000e+02 3.010522231263442761e-01
-1.750000000000000444e+00 1.500000000000000000e+00 1.800000000000000000e+02 3.298852632978709343e-01
-1.750000000000000444e+00 1.500000000000000000e+00 2.600000000000000000e+02 3.008489430774019535e-01
-1.750000000000000444e+00 1.500000000000000000e+00 3.400000000000000000e+02 3.444845153190656539e-01
-1.750000000000000444e+00 1.500000000000000000e+00 4.200000000000000000e+02 3.008439640331700415e-01
-1.750000000000000444e+00 1.500000000000000000e+00 5.000000000000000000e+02 3.277165171293451307e-01
-1.600000000000000533e+00 1.500000000000000000e+00 1.000000000000000000e+02 2.762585732972591135e-01
-1.600000000000000533e+00 1.500000000000000000e+00 1.800000000000000000e+02 3.539170162790329366e-01
-1.600000000000000533e+00 1.500000000000000000e+00 2.600000000000000000e+02 2.962914142793426908e-01
-1.600000000000000533e+00 1.500000000000000000e+00 3.400000000000000000e+02 2.802320984969568496e-01
-1.600000000000000533e+00 1.500000000000000000e+00 4.200000000000000000e+02 3.259471957473007997e-01
-1.600000000000000533e+00 1.500000000000000000e+00 5.000000000000000000e+02 2.987227397193783496e-01
-2.500000000000000000e+00 1.649999999999999911e+00 1.000000000000000000e+02 3.457186304669322974e-01
-2.500000000000000000e+00 1.649999999999999911e+00 1.800000000000000000e+02 2.729411520921831702e-01
-2.500000000000000000e+00 1.649999999999999911e+00 2.600000000000000000e+02 2.521473190774439210e-01
-2.500000000000000000e+00 1.649999999999999911e+00 3.400000000000000000e+02 2.968098139668194912e-01
-2.500000000000000000e+00 1.649999999999999911e+00 4.200000000000000000e+02 3.005013661902977695e-01
-2.500000000000000000e+00 1.649999999999999911e+00 5.000000000000000000e+02 2.957894534384847285e-01
-2.350000000000000089e+00 1.649999999999999911e+00 1.000000000000000000e+02 2.887785272424097105e-01
-2.350000000000000089e+00 1.649999999999999911e+00 1.800000000000000000e+02 3.115798302900186778e-01
-2.350000000000000089e+00 1.649999999999999911e+00 2.600000000000000000e+02 2.792501144941487157e-01
-2.350000000000000089e+00 1.649999999999999911e+00 3.400000000000000000e+02 2.952761500533233052e-01
-2.350000000000000089e+00 1.649999999999999911e+00 4.200000000000000000e+02 2.933738741659961402e-01
-2.350000000000000089e+00 1.649999999999999911e+00 5.000000000000000000e+02 2.490341997290776987e-01
-2.200000000000000178e+00 1.649999999999999911e+00 1.000000000000000000e+02 3.151617134729188807e-01
-2.200000000000000178e+00 1.649999999999999911e+00 1.800000000000000000e+02 2.675563248931650540e-01
-2.200000000000000178e+00 1.649999999999999911e+00 2.600000000000000000e+02 3.100581342373145421e-01
-2.200000000000000178e+00 1.649999999999999911e+00 3.400000000000000000e+02 3.199990732415605166e-01
-2.200000000000000178e+00 1.649999999999999911e+00 4.200000000000000000e+02 3.223280719291913288e-01
-2.200000000000000178e+00 1.649999999999999911e+00 5.000000000000000000e+02 3.241580056633027729e-01
-2.050000000000000266e+00 1.649999999999999911e+00 1.000000000000000000e+02 3.881643411537381017e-01
-2.050000000000000266e+00 1.649999999999999911e+00 1.800000000000000000e+02 3.248941492193269109e-01
-2.050000000000000266e+00 1.649999999999999911e+00 2.600000000000000000e+02 4.006442224834184662e-01
-2.050000000000000266e+00 1.649999999999999911e+00 3.400000000000000000e+02 3.048101908330334009e-01
-2.050000000000000266e+00 1.649999999999999911e+00 4.200000000000000000e+02 2.435414609563341104e-01
-2.050000000000000266e+00 1.649999999999999911e+00 5.000000000000000000e+02 3.122874447964986144e-01
-1.900000000000000355e+00 1.649999999999999911e+00 1.000000000000000000e+02 3.725167478620308170e-01
-1.900000000000000355e+00 1.649999999999999911e+00 1.800000000000000000e+02 2.831904811687361301e-01
-1.900000000000000355e+00 1.649999999999999911e+00 2.600000000000000000e+02 4.498301667230375500e-01
-1.900000000000000355e+00 1.649999999999999911e+00 3.400000000000000000e+02 3.136811871966869170e-01
-1.900000000000000355e+00 1.649999999999999911e+00 4.200000000000000000e+02 2.959886530887554379e-01
-1.900000000000000355e+00 1.649999999999999911e+00 5.000000000000000000e+02 3.562790562326020316e-01
-1.750000000000000444e+00 1.649999999999999911e+00 1.000000000000000000e+02 2.706306871929380353e-01
-1.750000000000000444e+00 1.649999999999999911e+00 1.800000000000000000e+02 3.354511399218368384e-01
-1.750000000000000444e+00 1.649999999999999911e+00 2.600000000000000000e+02 3.008683770956693815e-01
-1.750000000000000444e+00 1.649999999999999911e+00 3.400000000000000000e+02 3.622589025644260552e-01
-1.750000000000000444e+00 1.649999999999999911e+00 4.200000000000000000e+02 3.081941484456032221e-01
-1.750000000000000444e+00 1.649999999999999911e+00 5.000000000000000000e+02 3.048031079531683396e-01
-1.600000000000000533e+00 1.649999999999999911e+00 1.000000000000000000e+02 2.761382406183433558e-01
-1.600000000000000533e+00 1.649999999999999911e+00 1.800000000000000000e+02 3.683596313695101099e-01
-1.600000000000000533e+00 1.649999999999999911e+00 2.600000000000000000e+02 3.248000679005421665e-01
-1.600000000000000533e+00 1.649999999999999911e+00 3.400000000000000000e+02 3.904983919885629540e-01
-1.600000000000000533e+00 1.649999999999999911e+00 4.200000000000000000e+02 3.078016265994173439e-01
-1.600000000000000533e+00 1.649999999999999911e+00 5.000000000000000000e+02 3.320681715287064906e-01
-2.500000000000000000e+00 1.799999999999999822e+00 1.000000000000000000e+02 3.507539596042140717e-01
-2.500000000000000000e+00 1.799999999999999822e+00 1.800000000000000000e+02 2.710404819999916448e-01
-2.500000000000000000e+00 1.799999999999999822e+00 2.600000000000000000e+02 2.621969033277834482e-01
-2.500000000000000000e+00 1.799999999999999822e+00 3.400000000000000000e+02 2.861575406315303161e-01
-2.500000000000000000e+00 1.799999999999999822e+00 4.200000000000000000e+02 3.265473894896716578e-01
-2.500000000000000000e+00 1.799999999999999822e+00 5.000000000000000000e+02 3.299262925344712549e-01
-2.350000000000000089e+00 1.799999999999999822e+00 1.000000000000000000e+02 3.797908367734771362e-01
-2.350000000000000089e+00 1.799999999999999822e+00 1.800000000000000000e+02 3.389600381415828201e-01
-2.350000000000000089e+00 1.799999999999999822e+00 2.600000000000000000e+02 2.583137572894018685e-01
-2.350000000000000089e+00 1.799999999999999822e+00 3.400000000000000000e+02 3.060688399027172713e-01
-2.350000000000000089e+00 1.799999999999999822e+00 4.200000000000000000e+02 2.797909067141907125e-01
-2.350000000000000089e+00 1.799999999999999822e+00 5.000000000000000000e+02 3.758618092230796570e-01
-2.200000000000000178e+00 1.799999999999999822e+00 1.000000000000000000e+02 3.424883862033581972e-01
-2.200000000000000178e+00 1.799999999999999822e+00 1.800000000000000000e+02 3.435036453679927160e-01
-2.200000000000000178e+00 1.799999999999999822e+00 2.600000000000000000e+02 3.456175392962212989e-01
-2.200000000000000178e+00 1.799999999999999822e+00 3.400000000000000000e+02 2.822883124882946682e-01
-2.200000000000000178e+00 1.799999999999999822e+00 4.200000000000000000e+02 3.013458650322256016e-01
-2.200000000000000178e+00 1.799999999999999822e+00 5.000000000000000000e+02 3.374683307606091143e-01
-2.050000000000000266e+00 1.799999999999999822e+00 1.000000000000000000e+02 2.979191343460456665e-01
-2.050000000000000266e+00 1.799999999999999822e+00 1.800000000000000000e+02 2.456092735296961926e-01
-2.050000000000000266e+00 1.799999999999999822e+00 2.600000000000000000e+02 3.397798374145545308e-01
-2.050000000000000266e+00 1.799999999999999822e+00 3.400000000000000000e+02 2.723041893884575737e-01
-2.050000000000000266e+00 1.799999999999999822e+00 4.200000000000000000e+02 3.019710358756056978e-01
-2.050000000000000266e+00 1.799999999999999822e+00 5.000000000000000000e+02 3.782618147603131753e-01
-1.900000000000000355e+00 1.799999999999999822e+00 1.000000000000000000e+02 2.929795936924604050e-01
-1.900000000000000355e+00 1.799999999999999822e+00 1.800000000000000000e+02 3.343755061781301663e-01
-1.900000000000000355e+00 1.799999999999999822e+00 2.600000000000000000e+02 2.944722484287350950e-01
-1.900000000000000355e+00 1.799999999999999822e+00 3.400000000000000000e+02 2.488648211875673644e-01
-1.900000000000000355e+00 1.799999999999999822e+00 4.200000000000000000e+02 3.902740471316159532e-01
-1.900000000000000355e+00 1.799999999999999822e+00 5.000000000000000000e+02 3.192321955659292998e-01
-1.750000000000000444e+00 1.799999999999999822e+00 1.000000000000000000e+02 2.919511349707334391e-01
-1.750000000000000444e+00 1.799999999999999822e+00 1.800000000000000000e+02 3.777974670685686487e-01
-1.750000000000000444e+00 1.799999999999999822e+00 2.600000000000000000e+02 3.127152249831555153e-01
-1.750000000000000444e+00 1.799999999999999822e+00 3.400000000000000000e+02 3.154851259956126253e-01
-1.750000000000000444e+00 1.799999999999999822e+00 4.200000000000000000e+02 3.431511694369073773e-01
-1.750000000000000444e+00 1.799999999999999822e+00 5.000000000000000000e+02 3.170783263182445078e-01
-1.600000000000000533e+00 1.799999999999999822e+00 1.000000000000000000e+02 2.512183497803619492e-01
-1.600000000000000533e+00 1.799999999999999822e+00 1.800000000000000000e+02 3.121319529887340849e-01
-1.600000000000000533e+00 1.799999999999999822e+00 2.600000000000000000e+02 3.056806771753193264e-01
-1.600000000000000533e+00 1.799999999999999822e+00 3.400000000000000000e+02 3.666298877593461292e-01
-1.600000000000000533e+00 1.799999999999999822e+00 4.200000000000000000e+02 3.575232928792205778e-01
-1.600000000000000533e+00 1.799999999999999822e+00 5.000000000000000000e+02 2.991964059514171659e-01
-2.500000000000000000e+00 1.949999999999999734e+00 1.000000000000000000e+02 3.683516276782557997e-01
-2.500000000000000000e+00 1.949999999999999734e+00 1.800000000000000000e+02 2.372258858598889075e-01
-2.500000000000000000e+00 1.949999999999999734e+00 2.600000000000000000e+02 2.567569574562289514e-01
-2.500000000000000000e+00 1.949999999999999734e+00 3.400000000000000000e+02 3.431824004392395322e-01
-2.500000000000000000e+00 1.949999999999999734e+00 4.200000000000000000e+02 3.546483213298505799e-01
-2.500000000000000000e+00 1.949999999999999734e+00 5.000000000000000000e+02 3.296594792793171580e-01
-2.350000000000000089e+00 1.949999999999999734e+00 1.000000000000000000e+02 2.735307198521613747e-01
-2.350000000000000089e+00 1.949999999999999734e+00 1.800000000000000000e+02 3.729257869438218354e-01
-2.350000000000000089e+00 1.949999999999999734e+00 2.600000000000000000e+02 3.516924455032817143e-01
-2.350000000000000089e+00 1.949999999999999734e+00 3.400000000000000000e+02 3.008504076665804439e-01
-2.350000000000000089e+00 1.949999999999999734e+00 4.200000000000000000e+02 3.791128948634300277e-01
-2.350000000000000089e+00 1.949999999999999734e+00 5.000000000000000000e+02 2.761061669723787748e-01
-2.200000000000000178e+00 1.949999999999999734e+00 1.000000000000000000e+02 3.252207375521225519e-01
-2.200000000000000178e+00 1.949999999999999734e+00 1.800000000000000000e+02 3.614134652594270802e-01
-2.200000000000000178e+00 1.949999999999999734e+00 2.600000000000000000e+02 2.559883806554821284e-01
-2.200000000000000178e+00 1.949999999999999734e+00 3.400000000000000000e+02 3.749507694249450962e-01
-2.200000000000000178e+00 1.949999999999999734e+00 4.200000000000000000e+02 3.066317039771768727e-01
-2.200000000000000178e+00 1.949999999999999734e+00 5.000000000000000000e+02 2.934293316879079683e-01
-2.050000000000000266e+00 1.949999999999999734e+00 1.000000000000000000e+02 3.204349802052087748e-01
-2.050000000000000266e+00 1.949999999999999734e+00 1.800000000000000000e+02 2.474880617892071255e-01
-2.050000000000000266e+00 1.949999999999999734e+00 2.600000000000000000e+02 3.376896234912679651e-01
-2.050000000000000266e+00 1.949999999999999734e+00 3.400000000000000000e+02 3.127512851471924149e-01
-2.050000000000000266e+00 1.949999999999999734e+00 4.200000000000000000e+02 3.198415297472138041e-01
-2.050000000000000266e+00 1.949999999999999734e+00 5.000000000000000000e+02 3.312420716989287195e-01
-1.900000000000000355e+00 1.949999999999999734e+00 1.000000000000000000e+02 3.482869580885513683e-01
-1.900000000000000355e+00 1.949999999999999734e+00 1.800000000000000000e+02 3.321105016832813783e-01
-1.900000000000000355e+00 1.949999999999999734e+00 2.600000000000000000e+02 3.132573706266970071e-01
-1.900000000000000355e+00 1.949999999999999734e+00 3.400000000000000000e+02 3.028126140547753309e-01
-1.900000000000000355e+00 1.949999999999999734e+00 4.200000000000000000e+02 4.051050182096961327e-01
-1.900000000000000355e+00 1.949999999999999734e+00 5.000000000000000000e+02 3.655227429941858563e-01
-1.750000000000000444e+00 1.949999999999999734e+00 1.000000000000000000e+02 3.136088116310534746e-01
-1.750000000000000444e+00 1.949999999999999734e+00 1.800000000000000000e+02 2.804758149401010980e-01
-1.750000000000000444e+00 1.949999999999999734e+00 2.600000000000000000e+02 3.245590205229533787e-01
-1.750000000000000444e+00 1.949999999999999734e+00 3.400000000000000000e+02 3.049809915108958602e-01
-1.750000000000000444e+00 1.949999999999999734e+00 4.200000000000000000e+02 2.866970772945418577e-01
-1.750000000000000444e+00 1.949999999999999734e+00 5.000000000000000000e+02 3.945469032783980312e-01
-1.600000000000000533e+00 1.949999999999999734e+00 1.000000000000000000e+02 3.188736193531017671e-01
-1.600000000000000533e+00 1.949999999999999734e+00 1.800000000000000000e+02 3.085860339707591216e-01
-1.600000000000000533e+00 1.949999999999999734e+00 2.600000000000000000e+02 3.322357384669636371e-01
-1.600000000000000533e+00 1.949999999999999734e+00 3.400000000000000000e+02 2.926563252261235037e-01
-1.600000000000000533e+00 1.949999999999999734e+00 4.200000000000000000e+02 3.019895732900945706e-01
-1.600000000000000533e+00 1.949999999999999734e+00 5.000000000000000000e+02 3.446684642081877525e-01
-2.500000000000000000e+00 2.099999999999999645e+00 1.000000000000000000e+02 2.730920426675689239e-01
-2.500000000000000000e+00 2.099999999999999645e+00 1.800000000000000000e+02 3.365352079099264149e-01
-2.500000000000000000e+00 2.099999999999999645e+00 2.600000000000000000e+02 2.699229250126271573e-01
-2.500000000000000000e+00 2.099999999999999645e+00 3.400000000000000000e+02 3.588248013040887807e-01
-2.500000000000000000e+00 2.099999999999999645e+00 4.200000000000000000e+02 3.832619122578332371e-01
-2.500000000000000000e+00 2.099999999999999645e+00 5.000000000000000000e+02 3.070982355820220944e-01
-2.350000000000000089e+00 2.099999999999999645e+00 1.000000000000000000e+02 2.948678464153169365e-01
-2.350000000000000089e+00 2.099999999999999645e+00 1.800000000000000000e+02 3.272550109133866014e-01
-2.350000000000000089e+00 2.099999999999999645e+00 2.600000000000000000e+02 2.962826641319227239e-01
-2.350000000000000089e+00 2.099999999999999645e+00 3.400000000000000000e+02 2.870826446765202267e-01
-2.350000000000000089e+00 2.099999999999999645e+00 4.200000000000000000e+02 2.799620364623558455e-01
-2.350000000000000089e+00 2.099999999999999645e+00 5.000000000000000000e+02 3.425922736813052927e-01
-2.200000000000000178e+00 2.099999999999999645e+00 1.000000000000000000e+02 3.544588016587406631e-01
-2.200000000000000178e+00 2.099999999999999645e+00 1.800000000000000000e+02 3.323161874128632842e-01
-2.200000000000000178e+00 2.099999999999999645e+00 2.600000000000000000e+02 4.022736596567754175e-01
-2.200000000000000178e+00 2.099999999999999645e+00 3.400000000000000000e+02 2.690343720417991413e-01
-2.200000000000000178e+00 2.099999999999999645e+00 4.200000000000000000e+02 2.821196032286370503e-01
-2.200000000000000178e+00 2.099999999999999645e+00 5.000000000000000000e+02 3.426636361734495262e-01
-2.050000000000000266e+00 2.099999999999999645e+00 1.000000000000000000e+02 3.025812831667771263e-01
-2.050000000000000266e+00 2.099999999999999645e+00 1.800000000000000000e+02 3.215988854966844723e-01
-2.050000000000000266e+00 2.099999999999999645e+00 2.600000000000000000e+02 3.123103251642689315e-01
-2.050000000000000266e+00 2.099999999999999645e+00 3.400000000000000000e+02 3.126883223497556319e-01
-2.050000000000000266e+00 2.099999999999999645e+00 4.200000000000000000e+02 2.911341545229446659e-01
-2.050000000000000266e+00 2.099999999999999645e+00 5.000000000000000000e+02 2.567667119733154646e-01
-1.900000000000000355e+00 2.099999999999999645e+00 1.000000000000000000e+02 3.279025642687778408e-01
-1.900000000000000355e+00 2.099999999999999645e+00 1.800000000000000000e+02 3.207430133445270393e-01
-1.900000000000000355e+00 2.099999999999999645e+00 2.600000000000000000e+02 3.321568093557742962e-01
-1.900000000000000355e+00 2.099999999999999645e+00 3.400000000000000000e+02 2.820514564561097393e-01
-1.900000000000000355e+00 2.099999999999999645e+00 4.200000000000000000e+02 2.677075313359685849e-01
-1.900000000000000355e+00 2.099999999999999645e+00 5.000000000000000000e+02 2.505070812484195830e-01
-1.750000000000000444e+00 2.099999999999999645e+00 1.000000000000000000e+02 3.991433172772743676e-01
-1.750000000000000444e+00 2.099999999999999645e+00 1.800000000000000000e+02 2.986517416578768902e-01
-1.750000000000000444e+00 2.099999999999999645e+00 2.600000000000000000e+02 3.034678599718584335e-01
-1.750000000000000444e+00 2.099999999999999645e+00 3.400000000000000000e+02 3.293083000331660237e-01
-1.750000000000000444e+00 2.099999999999999645e+00 4.200000000000000000e+02 3.583121458747379195e-01
-1.750000000000000444e+00 2.099999999999999645e+00 5.000000000000000000e+02 3.112541284067020797e-01
-1.600000000000000533e+00 2.099999999999999645e+00 1.000000000000000000e+02 2.934191865104375241e-01
-1.600000000000000533e+00 2.099999999999999645e+00 1.800000000000000000e+02 2.989943834663464362e-01
-1.600000000000000533e+00 2.099999999999999645e+00 2.600000000000000000e+02 3.142901484287188296e-01
-1.600000000000000533e+00 2.099999999999999645e+00 3.400000000000000000e+02 3.322960029094642609e-01
-1.600000000000000533e+00 2.099999999999999645e+00 4.200000000000000000e+02 2.976442913815228186e-01
-1.600000000000000533e+00 2.099999999999999645e+00 5.000000000000000000e+02 3.482722414688125268e-01
-2.500000000000000000e+00 2.249999999999999556e+00 1.000000000000000000e+02 3.479804041147027682e-01
-2.500000000000000000e+00 2.249999999999999556e+00 1.800000000000000000e+02 4.621327021423335957e-01
-2.500000000000000000e+00 2.249999999999999556e+00 2.600000000000000000e+02 2.935912349284227618e-01
-2.500000000000000000e+00 2.249999999999999556e+00 3.400000000000000000e+02 2.860069514538424729e-01
-2.500000000000000000e+00 2.249999999999999556e+00 4.200000000000000000e+02 3.517080252942977880e-01
-2.500000000000000000e+00 2.249999999999999556e+00 5.000000000000000000e+02 2.610890508488181716e-01
-2.350000000000000089e+00 2.249999999999999556e+00 1.000000000000000000e+02 2.909961797016413776e-01
-2.350000000000000089e+00 2.249999999999999556e+00 1.800000000000000000e+02 4.402207722784556854e-01
-2.350000000000000089e+00 2.249999999999999556e+00 2.600000000000000000e+02 3.199848163622233121e-01
-2.350000000000000089e+00 2.249999999999999556e+00 3.400000000000000000e+02 2.836794840701091225e-01
-2.350000000000000089e+00 2.249999999999999556e+00 4.200000000000000000e+02 2.831262892625249217e-01
-2.350000000000000089e+00 2.249999999999999556e+00 5.000000000000000000e+02 2.927572469080345074e-01
-2.200000000000000178e+00 2.249999999999999556e+00 1.000000000000000000e+02 4.300738601220410740e-01
-2.200000000000000178e+00 2.249999999999999556e+00 1.800000000000000000e+02 3.324120271466255438e-01
-2.200000000000000178e+00 2.249999999999999556e+00 2.600000000000000000e+02 3.870389279747071809e-01
-2.200000000000000178e+00 2.249999999999999556e+00 3.400000000000000000e+02 3.957264804024557270e-01
-2.200000000000000178e+00 2.249999999999999556e+00 4.200000000000000000e+02 2.708722329858542777e-01
-2.200000000000000178e+00 2.249999999999999556e+00 5.000000000000000000e+02 3.636989021381783482e-01
-2.050000000000000266e+00 2.249999999999999556e+00 1.000000000000000000e+02 3.394286107439064004e-01
-2.050000000000000266e+00 2.249999999999999556e+00 1.800000000000000000e+02 3.318638367277891854e-01
-2.050000000000000266e+00 2.249999999999999556e+00 2.600000000000000000e+02 3.054735088094715501e-01
-2.050000000000000266e+00 2.249999999999999556e+00 3.400000000000000000e+02 2.756910223076896038e-01
-2.050000000000000266e+00 2.249999999999999556e+00 4.200000000000000000e+02 2.813477489714313329e-01
-2.050000000000000266e+00 2.249999999999999556e+00 5.000000000000000000e+02 2.775685759099342231e-01
-1.900000000000000355e+00 2.249999999999999556e+00 1.000000000000000000e+02 2.967115716097199485e-01
-1.900000000000000355e+00 2.249999999999999556e+00 1.800000000000000000e+02 3.137282833574475127e-01
-1.900000000000000355e+00 2.249999999999999556e+00 2.600000000000000000e+02 4.027381605777619056e-01
-1.900000000000000355e+00 2.249999999999999556e+00 3.400000000000000000e+02 4.215079033396839092e-01
-1.900000000000000355e+00 2.249999999999999556e+00 4.200000000000000000e+02 2.996357575272092788e-01
-1.900000000000000355e+00 2.249999999999999556e+00 5.000000000000000000e+02 3.176197505880755667e-01
-1.750000000000000444e+00 2.249999999999999556e+00 1.000000000000000000e+02 2.886363778544447367e-01
-1.750000000000000444e+00 2.249999999999999556e+00 1.800000000000000000e+02 2.985937873140319665e-01
-1.750000000000000444e+00 2.249999999999999556e+00 2.600000000000000000e+02 3.649702139686991087e-01
-1.750000000000000444e+00 2.249999999999999556e+00 3.400000000000000000e+02 3.385349176286199802e-01
-1.750000000000000444e+00 2.249999999999999556e+00 4.200000000000000000e+02 3.232594705612128472e-01
-1.750000000000000444e+00 2.249999999999999556e+00 5.000000000000000000e+02 3.428570033238874659e-01
-1.600000000000000533e+00 2.249999999999999556e+00 1.000000000000000000e+02 3.706915388578904125e-01
-1.600000000000000533e+00 2.249999999999999556e+00 1.800000000000000000e+02 2.915932512465151394e-01
-1.600000000000000533e+00 2.249999999999999556e+00 2.600000000000000000e+02 4.425057288102832720e-01
-1.600000000000000533e+00 2.249999999999999556e+00 3.400000000000000000e+02 3.236660322157715042e-01
-1.600000000000000533e+00 2.249999999999999556e+00 4.200000000000000000e+02 4.650294490686630589e-01
-1.600000000000000533e+00 2.249999999999999556e+00 5.000000000000000000e+02 4.136395811646036424e-01
-2.500000000000000000e+00 2.399999999999999467e+00 1.000000000000000000e+02 3.921143804446722836e-01
-2.500000000000000000e+00 2.399999999999999467e+00 1.800000000000000000e+02 3.807446462530437170e-01
-2.500000000000000000e+00 2.399999999999999467e+00 2.600000000000000000e+02 3.353303515444735483e-01
-2.500000000000000000e+00 2.399999999999999467e+00 3.400000000000000000e+02 2.985434979404745226e-01
-2.500000000000000000e+00 2.399999999999999467e+00 4.200000000000000000e+02 2.642667712371983280e-01
-2.500000000000000000e+00 2.399999999999999467e+00 5.000000000000000000e+02 2.715912254784289548e-01
-2.350000000000000089e+00 2.399999999999999467e+00 1.000000000000000000e+02 3.386424158100350690e-01
-2.350000000000000089e+00 2.399999999999999467e+00 1.800000000000000000e+02 3.469834351706598818e-01
-2.350000000000000089e+00 2.399999999999999467e+00 2.600000000000000000e+02 3.359005057731150323e-01
-2.350000000000000089e+00 2.399999999999999467e+00 3.400000000000000000e+02 3.173603791363492910e-01
-2.350000000000000089e+00 2.399999999999999467e+00 4.200000000000000000e+02 3.365739103574661995e-01
-2.350000000000000089e+00 2.399999999999999467e+00 5.000000000000000000e+02 2.987061082107396182e-01
-2.200000000000000178e+00 2.399999999999999467e+00 1.000000000000000000e+02 3.117410607134497580e-01
-2.200000000000000178e+00 2.399999999999999467e+00 1.800000000000000000e+02 3.203337791738990470e-01
-2.200000000000000178e+00 2.399999999999999467e+00 2.600000000000000000e+02 3.233652509690903010e-01
-2.200000000000000178e+00 2.399999999999999467e+00 3.400000000000000000e+02 3.175834954028518009e-01
-2.200000000000000178e+00 2.399999999999999467e+00 4.200000000000000000e+02 3.806191306560268162e-01
-2.200000000000000178e+00 2.399999999999999467e+00 5.000000000000000000e+02 2.873834752385668878e-01
-2.050000000000000266e+00 2.399999999999999467e+00 1.000000000000000000e+02 3.729040685317340786e-01
-2.050000000000000266e+00 2.399999999999999467e+00 1.800000000000000000e+02 3.962175444587821005e-01
-2.050000000000000266e+00 2.399999999999999467e+00 2.600000000000000000e+02 2.367923771906060848e-01
-2.050000000000000266e+00 2.399999999999999467e+00 3.400000000000000000e+02 3.209503436941880672e-01
-2.050000000000000266e+00 2.399999999999999467e+00 4.200000000000000000e+02 3.186605684293563057e-01
-2.050000000000000266e+00 2.399999999999999467e+00 5.000000000000000000e+02 2.695578062187214963e-01
-1.900000000000000355e+00 2.399999999999999467e+00 1.000000000000000000e+02 3.820106475953003455e-01
-1.900000000000000355e+00 2.399999999999999467e+00 1.800000000000000000e+02 3.960662324374961685e-01
-1.900000000000000355e+00 2.399999999999999467e+00 2.600000000000000000e+02 3.398974052067414986e-01
-1.900000000000000355e+00 2.399999999999999467e+00 3.400000000000000000e+02 2.963580306784847629e-01
-1.900000000000000355e+00 2.399999999999999467e+00 4.200000000000000000e+02 3.279138910308647681e-01
-1.900000000000000355e+00 2.399999999999999467e+00 5.000000000000000000e+02 2.904520768514485818e-01
-1.750000000000000444e+00 2.399999999999999467e+00 1.000000000000000000e+02 2.988904703458707957e-01
-1.750000000000000444e+00 2.399999999999999467e+00 1.800000000000000000e+02 3.639095269932839383e-01
-1.750000000000000444e+00 2.399999999999999467e+00 2.600000000000000000e+02 3.241602983810379923e-01
-1.750000000000000444e+00 2.399999999999999467e+00 3.400000000000000000e+02 3.376485638933238720e-01
-1.750000000000000444e+00 2.399999999999999467e+00 4.200000000000000000e+02 3.229994277647784129e-01
-1.750000000000000444e+00 2.399999999999999467e+00 5.000000000000000000e+02 3.363171336785026888e-01
-1.600000000000000533e+00 2.399999999999999467e+00 1.000000000000000000e+02 3.057666896663352452e-01
-1.600000000000000533e+00 2.399999999999999467e+00 1.800000000000000000e+02 3.133132863926152423e-01
-1.600000000000000533e+00 2.399999999999999467e+00 2.600000000000000000e+02 3.537406467204120553e-01
-1.600000000000000533e+00 2.399999999999999467e+00 3.400000000000000000e+02 3.254105098673946150e-01
-1.600000000000000533e+00 2.399999999999999467e+00 4.200000000000000000e+02 3.483411203985520288e-01
-1.600000000000000533e+00 2.399999999999999467e+00 5.000000000000000000e+02 3.053091156886267310e-01
