-3.000000000000000000e+00 2.000000000000000000e+00 1.000000000000000000e+02 3.214290601636359268e-01
-3.000000000000000000e+00 2.000000000000000000e+00 1.800000000000000000e+02 3.524288466315892432e-01
-3.000000000000000000e+00 2.000000000000000000e+00 2.600000000000000000e+02 4.195322806673860150e-01
-3.000000000000000000e+00 2.000000000000000000e+00 3.400000000000000000e+02 3.165672701356903040e-01
-2.899999999999999911e+00 2.000000000000000000e+00 1.000000000000000000e+02 2.882907764583609866e-01
-2.899999999999999911e+00 2.000000000000000000e+00 1.800000000000000000e+02 3.467535006067077319e-01
-2.899999999999999911e+00 2.000000000000000000e+00 2.600000000000000000e+02 3.415887719047900895e-01
-2.899999999999999911e+00 2.000000000000000000e+00 3.400000000000000000e+02 3.482592883680164508e-01
-2.799999999999999822e+00 2.000000000000000000e+00 1.000000000000000000e+02 3.796469600119914967e-01
-2.799999999999999822e+00 2.000000000000000000e+00 1.800000000000000000e+02 3.248857554835470340e-01
-2.799999999999999822e+00 2.000000000000000000e+00 2.600000000000000000e+02 4.021036655944989491e-01
-2.799999999999999822e+00 2.000000000000000000e+00 3.400000000000000000e+02 3.149862855289407015e-01
-2.699999999999999734e+00 2.000000000000000000e+00 1.000000000000000000e+02 3.392842619566196483e-01
-2.699999999999999734e+00 2.000000000000000000e+00 1.800000000000000000e+02 2.794935247657245325e-01
-2.699999999999999734e+00 2.000000000000000000e+00 2.600000000000000000e+02 3.498386117874545675e-01
-2.699999999999999734e+00 2.000000000000000000e+00 3.400000000000000000e+02 3.825571748513140191e-01
-2.599999999999999645e+00 2.000000000000000000e+00 1.000000000000000000e+02 3.658739123774634727e-01
-2.599999999999999645e+00 2.000000000000000000e+00 1.800000000000000000e+02 3.667777561814161702e-01
-2.599999999999999645e+00 2.000000000000000000e+00 2.600000000000000000e+02 3.162766257397762182e-01
-2.599999999999999645e+00 2.000000000000000000e+00 3.400000000000000000e+02 3.106142284642211537e-01
-2.499999999999999556e+00 2.000000000000000000e+00 1.000000000000000000e+02 2.816124858478710191e-01
-2.499999999999999556e+00 2.000000000000000000e+00 1.800000000000000000e+02 4.004052635080916911e-01
-2.499999999999999556e+00 2.000000000000000000e+00 2.600000000000000000e+02 3.921400320782462146e-01
-2.499999999999999556e+00 2.000000000000000000e+00 3.400000000000000000e+02 3.850092063541813436e-01
-2.399999999999999467e+00 2.000000000000000000e+00 1.000000000000000000e+02 3.352447144258019485e-01
-2.399999999999999467e+00 2.000000000000000000e+00 1.800000000000000000e+02 2.566280867434342916e-01
-2.399999999999999467e+00 2.000000000000000000e+00 2.600000000000000000e+02 3.994398123813662771e-01
-2.399999999999999467e+00 2.000000000000000000e+00 3.400000000000000000e+02 3.516369831870430618e-01
-2.299999999999999378e+00 2.000000000000000000e+00 1.000000000000000000e+02 2.661705682991778454e-01
-2.299999999999999378e+00 2.000000000000000000e+00 1.800000000000000000e+02 3.334620750719765603e-01
-2.299999999999999378e+00 2.000000000000000000e+00 2.600000000000000000e+02 2.810161361589150752e-01
-2.299999999999999378e+00 2.000000000000000000e+00 3.400000000000000000e+02 3.465468282151430435e-01
-2.199999999999999289e+00 2.000000000000000000e+00 1.000000000000000000e+02 2.693072412527076631e-01
-2.199999999999999289e+00 2.000000000000000000e+00 1.800000000000000000e+02 3.403587055166984454e-01
-2.199999999999999289e+00 2.000000000000000000e+00 2.600000000000000000e+02 3.028055506746728520e-01
-2.199999999999999289e+00 2.000000000000000000e+00 3.400000000000000000e+02 2.830363562612633332e-01
-2.099999999999999201e+00 2.000000000000000000e+00 1.000000000000000000e+02 3.788377521686534521e-01
-2.099999999999999201e+00 2.000000000000000000e+00 1.800000000000000000e+02 2.666697110070267440e-01
-2.099999999999999201e+00 2.000000000000000000e+00 2.600000000000000000e+02 3.134017083135779425e-01
-2.099999999999999201e+00 2.000000000000000000e+00 3.400000000000000000e+02 3.105544596091613929e-01
-3.000000000000000000e+00 2.100000000000000089e+00 1.000000000000000000e+02 4.124262849734661174e-01
-3.000000000000000000e+00 2.100000000000000089e+00 1.800000000000000000e+02 3.494788289516526092e-01
-3.000000000000000000e+00 2.100000000000000089e+00 2.600000000000000000e+02 3.594327130009572491e-01
-3.000000000000000000e+00 2.100000000000000089e+00 3.400000000000000000e+02 3.951357439988510967e-01
-2.899999999999999911e+00 2.100000000000000089e+00 1.000000000000000000e+02 3.266621006496057689e-01
-2.899999999999999911e+00 2.100000000000000089e+00 1.800000000000000000e+02 3.625127529913941826e-01
-2.899999999999999911e+00 2.100000000000000089e+00 2.600000000000000000e+02 3.381032850301139980e-01
-2.899999999999999911e+00 2.100000000000000089e+00 3.400000000000000000e+02 4.013768402150571513e-01
-2.799999999999999822e+00 2.100000000000000089e+00 1.000000000000000000e+02 3.524568505093034210e-01
-2.799999999999999822e+00 2.100000000000000089e+00 1.800000000000000000e+02 3.318723059554629096e-01
-2.799999999999999822e+00 2.100000000000000089e+00 2.600000000000000000e+02 3.761810980067341603e-01
-2.799999999999999822e+00 2.100000000000000089e+00 3.400000000000000000e+02 4.744347911867836665e-01
-2.699999999999999734e+00 2.100000000000000089e+00 1.000000000000000000e+02 2.997089030135584586e-01
-2.699999999999999734e+00 2.100000000000000089e+00 1.800000000000000000e+02 3.587201874417103031e-01
-2.699999999999999734e+00 2.100000000000000089e+00 2.600000000000000000e+02 3.852940188416940082e-01
-2.699999999999999734e+00 2.100000000000000089e+00 3.400000000000000000e+02 3.817570076438810966e-01
-2.599999999999999645e+00 2.100000000000000089e+00 1.000000000000000000e+02 4.329855620763393143e-01
-2.599999999999999645e+00 2.100000000000000089e+00 1.800000000000000000e+02 2.921616697794863216e-01
-2.599999999999999645e+00 2.100000000000000089e+00 2.600000000000000000e+02 2.906889585018652689e-01
-2.599999999999999645e+00 2.100000000000000089e+00 3.400000000000000000e+02 4.084059202381181697e-01
-2.499999999999999556e+00 2.100000000000000089e+00 1.000000000000000000e+02 3.313315531680615100e-01
-2.499999999999999556e+00 2.100000000000000089e+00 1.800000000000000000e+02 2.958024940257032442e-01
-2.499999999999999556e+00 2.100000000000000089e+00 2.600000000000000000e+02 3.054598933743772893e-01
-2.499999999999999556e+00 2.100000000000000089e+00 3.400000000000000000e+02 3.030029288398525811e-01
-2.399999999999999467e+00 2.100000000000000089e+00 1.000000000000000000e+02 3.659970821913557382e-01
-2.399999999999999467e+00 2.100000000000000089e+00 1.800000000000000000e+02 3.851790810213239213e-01
-2.399999999999999467e+00 2.100000000000000089e+00 2.600000000000000000e+02 3.569775782114081863e-01
-2.399999999999999467e+00 2.100000000000000089e+00 3.400000000000000000e+02 2.954197667066020827e-01
-2.299999999999999378e+00 2.100000000000000089e+00 1.000000000000000000e+02 3.682297189903889212e-01
-2.299999999999999378e+00 2.100000000000000089e+00 1.800000000000000000e+02 3.556285623163742970e-01
-2.299999999999999378e+00 2.100000000000000089e+00 2.600000000000000000e+02 2.878512978867697747e-01
-2.299999999999999378e+00 2.100000000000000089e+00 3.400000000000000000e+02 4.214459624738661203e-01
-2.199999999999999289e+00 2.100000000000000089e+00 1.000000000000000000e+02 3.571223893060114785e-01
-2.199999999999999289e+00 2.100000000000000089e+00 1.800000000000000000e+02 3.864173600401431541e-01
-2.199999999999999289e+00 2.100000000000000089e+00 2.600000000000000000e+02 2.816277966901586938e-01
-2.199999999999999289e+00 2.100000000000000089e+00 3.400000000000000000e+02 3.266105368537287612e-01
-2.099999999999999201e+00 2.100000000000000089e+00 1.000000000000000000e+02 3.562230716404533037e-01
-2.099999999999999201e+00 2.100000000000000089e+00 1.800000000000000000e+02 2.873498790460771168e-01
-2.099999999999999201e+00 2.100000000000000089e+00 2.600000000000000000e+02 2.623205899801994700e-01
-2.099999999999999201e+00 2.100000000000000089e+00 3.400000000000000000e+02 4.168109802485862048e-01
-3.000000000000000000e+00 2.200000000000000178e+00 1.000000000000000000e+02 2.748015142751046858e-01
-3.000000000000000000e+00 2.200000000000000178e+00 1.800000000000000000e+02 3.462979466788473903e-01
-3.000000000000000000e+00 2.200000000000000178e+00 2.600000000000000000e+02 4.061664260550028605e-01
-3.000000000000000000e+00 2.200000000000000178e+00 3.400000000000000000e+02 3.278719286624532936e-01
-2.899999999999999911e+00 2.200000000000000178e+00 1.000000000000000000e+02 3.594395499540582462e-01
-2.899999999999999911e+00 2.200000000000000178e+00 1.800000000000000000e+02 3.546812302028100605e-01
-2.899999999999999911e+00 2.200000000000000178e+00 2.600000000000000000e+02 3.847670614766788288e-01
-2.899999999999999911e+00 2.200000000000000178e+00 3.400000000000000000e+02 3.033679489082219405e-01
-2.799999999999999822e+00 2.200000000000000178e+00 1.000000000000000000e+02 2.581660019705647180e-01
-2.799999999999999822e+00 2.200000000000000178e+00 1.800000000000000000e+02 3.127576751741484307e-01
-2.799999999999999822e+00 2.200000000000000178e+00 2.600000000000000000e+02 3.707268641276511012e-01
-2.799999999999999822e+00 2.200000000000000178e+00 3.400000000000000000e+02 3.593815408731352301e-01
-2.699999999999999734e+00 2.200000000000000178e+00 1.000000000000000000e+02 2.946648589122626838e-01
-2.699999999999999734e+00 2.200000000000000178e+00 1.800000000000000000e+02 3.057841366173209563e-01
-2.699999999999999734e+00 2.200000000000000178e+00 2.600000000000000000e+02 3.779009626208189587e-01
-2.699999999999999734e+00 2.200000000000000178e+00 3.400000000000000000e+02 2.972957990813641649e-01
-2.599999999999999645e+00 2.200000000000000178e+00 1.000000000000000000e+02 3.188635419809776606e-01
-2.599999999999999645e+00 2.200000000000000178e+00 1.800000000000000000e+02 3.382102283717804969e-01
-2.599999999999999645e+00 2.200000000000000178e+00 2.600000000000000000e+02 3.520257516006511933e-01
-2.599999999999999645e+00 2.200000000000000178e+00 3.400000000000000000e+02 3.392052155632948596e-01
-2.499999999999999556e+00 2.200000000000000178e+00 1.000000000000000000e+02 3.065315651324872492e-01
-2.499999999999999556e+00 2.200000000000000178e+00 1.800000000000000000e+02 2.647366414010573488e-01
-2.499999999999999556e+00 2.200000000000000178e+00 2.600000000000000000e+02 4.148782871677672013e-01
-2.499999999999999556e+00 2.200000000000000178e+00 3.400000000000000000e+02 3.975191963198879685e-01
-2.399999999999999467e+00 2.200000000000000178e+00 1.000000000000000000e+02 3.196142221917480652e-01
-2.399999999999999467e+00 2.200000000000000178e+00 1.800000000000000000e+02 3.473653229754941618e-01
-2.399999999999999467e+00 2.200000000000000178e+00 2.600000000000000000e+02 2.660927312439917980e-01
-2.399999999999999467e+00 2.200000000000000178e+00 3.400000000000000000e+02 3.311314708743778867e-01
-2.299999999999999378e+00 2.200000000000000178e+00 1.000000000000000000e+02 2.476471083213004354e-01
-2.299999999999999378e+00 2.200000000000000178e+00 1.800000000000000000e+02 2.961148357113045915e-01
-2.299999999999999378e+00 2.200000000000000178e+00 2.600000000000000000e+02 2.996829645697213218e-01
-2.299999999999999378e+00 2.200000000000000178e+00 3.400000000000000000e+02 2.732973714568137646e-01
-2.199999999999999289e+00 2.200000000000000178e+00 1.000000000000000000e+02 2.643641489392483113e-01
-2.199999999999999289e+00 2.200000000000000178e+00 1.800000000000000000e+02 2.521837557411601427e-01
-2.199999999999999289e+00 2.200000000000000178e+00 2.600000000000000000e+02 2.795003569170280144e-01
-2.199999999999999289e+00 2.200000000000000178e+00 3.400000000000000000e+02 3.009953179493629616e-01
-2.099999999999999201e+00 2.200000000000000178e+00 1.000000000000000000e+02 2.555100286479001781e-01
-2.099999999999999201e+00 2.200000000000000178e+00 1.800000000000000000e+02 3.549033892492845510e-01
-2.099999999999999201e+00 2.200000000000000178e+00 2.600000000000000000e+02 3.352464820162119885e-01
-2.099999999999999201e+00 2.200000000000000178e+00 3.400000000000000000e+02 2.591384142129871115e-01
-3.000000000000000000e+00 2.300000000000000266e+00 1.000000000000000000e+02 3.440156609341670224e-01
-3.000000000000000000e+00 2.300000000000000266e+00 1.800000000000000000e+02 3.367850997961094883e-01
-3.000000000000000000e+00 2.300000000000000266e+00 2.600000000000000000e+02 3.384062067160581444e-01
-3.000000000000000000e+00 2.300000000000000266e+00 3.400000000000000000e+02 4.022061545334236765e-01
-2.899999999999999911e+00 2.300000000000000266e+00 1.000000000000000000e+02 3.769975780778880292e-01
-2.899999999999999911e+00 2.300000000000000266e+00 1.800000000000000000e+02 3.996489977652660786e-01
-2.899999999999999911e+00 2.300000000000000266e+00 2.600000000000000000e+02 3.289903313378388372e-01
-2.899999999999999911e+00 2.300000000000000266e+00 3.400000000000000000e+02 3.422829758615486551e-01
-2.799999999999999822e+00 2.300000000000000266e+00 1.000000000000000000e+02 3.257598439321753858e-01
-2.799999999999999822e+00 2.300000000000000266e+00 1.800000000000000000e+02 3.579586459936048293e-01
-2.799999999999999822e+00 2.300000000000000266e+00 2.600000000000000000e+02 3.582020999963935193e-01
-2.799999999999999822e+00 2.300000000000000266e+00 3.400000000000000000e+02 3.634945890748700892e-01
-2.699999999999999734e+00 2.300000000000000266e+00 1.000000000000000000e+02 4.056271138415155075e-01
-2.699999999999999734e+00 2.300000000000000266e+00 1.800000000000000000e+02 2.678918383091765110e-01
-2.699999999999999734e+00 2.300000000000000266e+00 2.600000000000000000e+02 4.057706432286325438e-01
-2.699999999999999734e+00 2.300000000000000266e+00 3.400000000000000000e+02 3.562609397831573155e-01
-2.599999999999999645e+00 2.300000000000000266e+00 1.000000000000000000e+02 2.932797729122597064e-01
-2.599999999999999645e+00 2.300000000000000266e+00 1.800000000000000000e+02 2.935406687524104719e-01
-2.599999999999999645e+00 2.300000000000000266e+00 2.600000000000000000e+02 4.078212482856241605e-01
-2.599999999999999645e+00 2.300000000000000266e+00 3.400000000000000000e+02 3.480385613154474145e-01
-2.499999999999999556e+00 2.300000000000000266e+00 1.000000000000000000e+02 3.254977651222972224e-01
-2.499999999999999556e+00 2.300000000000000266e+00 1.800000000000000000e+02 3.119364625802387714e-01
-2.499999999999999556e+00 2.300000000000000266e+00 2.600000000000000000e+02 3.737169186624283990e-01
-2.499999999999999556e+00 2.300000000000000266e+00 3.400000000000000000e+02 3.293434180066598937e-01
-2.399999999999999467e+00 2.300000000000000266e+00 1.000000000000000000e+02 3.186666335145135198e-01
-2.399999999999999467e+00 2.300000000000000266e+00 1.800000000000000000e+02 2.572837801808502967e-01
-2.399999999999999467e+00 2.300000000000000266e+00 2.600000000000000000e+02 4.150647312771149622e-01
-2.399999999999999467e+00 2.300000000000000266e+00 3.400000000000000000e+02 3.372054055064980238e-01
-2.299999999999999378e+00 2.300000000000000266e+00 1.000000000000000000e+02 2.811632537750080596e-01
-2.299999999999999378e+00 2.300000000000000266e+00 1.800000000000000000e+02 3.446150843781410344e-01
-2.299999999999999378e+00 2.300000000000000266e+00 2.600000000000000000e+02 2.826747271702321207e-01
-2.299999999999999378e+00 2.300000000000000266e+00 3.400000000000000000e+02 2.510057734988865308e-01
-2.199999999999999289e+00 2.300000000000000266e+00 1.000000000000000000e+02 2.777442339272242489e-01
-2.199999999999999289e+00 2.300000000000000266e+00 1.800000000000000000e+02 3.366672185427863617e-01
-2.199999999999999289e+00 2.300000000000000266e+00 2.600000000000000000e+02 2.488031273483110040e-01
-2.199999999999999289e+00 2.300000000000000266e+00 3.400000000000000000e+02 2.956872400413230739e-01
-2.099999999999999201e+00 2.300000000000000266e+00 1.000000000000000000e+02 3.784138421305653921e-01
-2.099999999999999201e+00 2.300000000000000266e+00 1.800000000000000000e+02 2.681332804126409508e-01
-2.099999999999999201e+00 2.300000000000000266e+00 2.600000000000000000e+02 3.262883482570939631e-01
-2.099999999999999201e+00 2.300000000000000266e+00 3.400000000000000000e+02 3.151653622894226014e-01
-3.000000000000000000e+00 2.400000000000000355e+00 1.000000000000000000e+02 3.626077696948510898e-01
-3.000000000000000000e+00 2.400000000000000355e+00 1.800000000000000000e+02 3.692882252809391863e-01
-3.000000000000000000e+00 2.400000000000000355e+00 2.600000000000000000e+02 3.626571087541966554e-01
-3.000000000000000000e+00 2.400000000000000355e+00 3.400000000000000000e+02 4.106994266665816573e-01
-2.899999999999999911e+00 2.400000000000000355e+00 1.000000000000000000e+02 3.618798645738559028e-01
-2.899999999999999911e+00 2.400000000000000355e+00 1.800000000000000000e+02 3.555307671934889724e-01
-2.899999999999999911e+00 2.400000000000000355e+00 2.600000000000000000e+02 3.231043947170403330e-01
-2.899999999999999911e+00 2.400000000000000355e+00 3.400000000000000000e+02 4.245586970841890295e-01
-2.799999999999999822e+00 2.400000000000000355e+00 1.000000000000000000e+02 2.886716061020497825e-01
-2.799999999999999822e+00 2.400000000000000355e+00 1.800000000000000000e+02 3.517715267456262840e-01
-2.799999999999999822e+00 2.400000000000000355e+00 2.600000000000000000e+02 3.154424764527503644e-01
-2.799999999999999822e+00 2.400000000000000355e+00 3.400000000000000000e+02 3.596743910058298743e-01
-2.699999999999999734e+00 2.400000000000000355e+00 1.000000000000000000e+02 4.062492642316699598e-01
-2.699999999999999734e+00 2.400000000000000355e+00 1.800000000000000000e+02 2.963503991698351880e-01
-2.699999999999999734e+00 2.400000000000000355e+00 2.600000000000000000e+02 3.509514524047789852e-01
-2.699999999999999734e+00 2.400000000000000355e+00 3.400000000000000000e+02 3.297040156996549065e-01
-2.599999999999999645e+00 2.400000000000000355e+00 1.000000000000000000e+02 3.310276119394542915e-01
-2.599999999999999645e+00 2.400000000000000355e+00 1.800000000000000000e+02 3.370697592468006043e-01
-2.599999999999999645e+00 2.400000000000000355e+00 2.600000000000000000e+02 3.118824624980318649e-01
-2.599999999999999645e+00 2.400000000000000355e+00 3.400000000000000000e+02 3.025327592058680848e-01
-2.499999999999999556e+00 2.400000000000000355e+00 1.000000000000000000e+02 3.414107038896290192e-01
-2.499999999999999556e+00 2.400000000000000355e+00 1.800000000000000000e+02 3.037745825758216833e-01
-2.499999999999999556e+00 2.400000000000000355e+00 2.600000000000000000e+02 2.578895926736569644e-01
-2.499999999999999556e+00 2.400000000000000355e+00 3.400000000000000000e+02 3.296405484956229648e-01
-2.399999999999999467e+00 2.400000000000000355e+00 1.000000000000000000e+02 2.964511219428043187e-01
-2.399999999999999467e+00 2.400000000000000355e+00 1.800000000000000000e+02 3.584027551142764390e-01
-2.399999999999999467e+00 2.400000000000000355e+00 2.600000000000000000e+02 3.826611785016952316e-01
-2.399999999999999467e+00 2.400000000000000355e+00 3.400000000000000000e+02 3.111650798344168800e-01
-2.299999999999999378e+00 2.400000000000000355e+00 1.000000000000000000e+02 3.014980292616640245e-01
-2.299999999999999378e+00 2.400000000000000355e+00 1.800000000000000000e+02 2.612487092289703661e-01
-2.299999999999999378e+00 2.400000000000000355e+00 2.600000000000000000e+02 2.531768985207221156e-01
-2.299999999999999378e+00 2.400000000000000355e+00 3.400000000000000000e+02 3.947737077936619432e-01
-2.199999999999999289e+00 2.400000000000000355e+00 1.000000000000000000e+02 2.856883172701695228e-01
-2.199999999999999289e+00 2.400000000000000355e+00 1.800000000000000000e+02 2.641538429703695900e-01
-2.199999999999999289e+00 2.400000000000000355e+00 2.600000000000000000e+02 2.773266488296770582e-01
-2.199999999999999289e+00 2.400000000000000355e+00 3.400000000000000000e+02 2.865389871566274005e-01
-2.099999999999999201e+00 2.400000000000000355e+00 1.000000000000000000e+02 2.962408564020759805e-01
-2.099999999999999201e+00 2.400000000000000355e+00 1.800000000000000000e+02 2.716529953689591492e-01
-2.099999999999999201e+00 2.400000000000000355e+00 2.600000000000000000e+02 2.559170260237171313e-01
-2.099999999999999201e+00 2.400000000000000355e+00 3.400000000000000000e+02 3.700194899342063026e-01
-3.000000000000000000e+00 2.500000000000000444e+00 1.000000000000000000e+02 3.380890000414689123e-01
-3.000000000000000000e+00 2.500000000000000444e+00 1.800000000000000000e+02 2.821251036852514549e-01
-3.000000000000000000e+00 2.500000000000000444e+00 2.600000000000000000e+02 3.101853472275685197e-01
-3.000000000000000000e+00 2.500000000000000444e+00 3.400000000000000000e+02 4.188557176440904639e-01
-2.899999999999999911e+00 2.500000000000000444e+00 1.000000000000000000e+02 4.167833512888123870e-01
-2.899999999999999911e+00 2.500000000000000444e+00 1.800000000000000000e+02 3.598018723348537229e-01
-2.899999999999999911e+00 2.500000000000000444e+00 2.600000000000000000e+02 3.891921971522317447e-01
-2.899999999999999911e+00 2.500000000000000444e+00 3.400000000000000000e+02 4.043341892764201750e-01
-2.799999999999999822e+00 2.500000000000000444e+00 1.000000000000000000e+02 2.988941842337049515e-01
-2.799999999999999822e+00 2.500000000000000444e+00 1.800000000000000000e+02 3.579348711298079300e-01
-2.799999999999999822e+00 2.500000000000000444e+00 2.600000000000000000e+02 2.993742177101529345e-01
-2.799999999999999822e+00 2.500000000000000444e+00 3.400000000000000000e+02 3.806152893694138006e-01
-2.699999999999999734e+00 2.500000000000000444e+00 1.000000000000000000e+02 2.858092030848251586e-01
-2.699999999999999734e+00 2.500000000000000444e+00 1.800000000000000000e+02 3.873094639408009021e-01
-2.699999999999999734e+00 2.500000000000000444e+00 2.600000000000000000e+02 3.354797968644817052e-01
-2.699999999999999734e+00 2.500000000000000444e+00 3.400000000000000000e+02 3.480430055797222311e-01
-2.599999999999999645e+00 2.500000000000000444e+00 1.000000000000000000e+02 2.539259151264069425e-01
-2.599999999999999645e+00 2.500000000000000444e+00 1.800000000000000000e+02 3.315173416384596949e-01
-2.599999999999999645e+00 2.500000000000000444e+00 2.600000000000000000e+02 3.465729355628700548e-01
-2.599999999999999645e+00 2.500000000000000444e+00 3.400000000000000000e+02 3.462591399192860298e-01
-2.499999999999999556e+00 2.500000000000000444e+00 1.000000000000000000e+02 2.598862136755808461e-01
-2.499999999999999556e+00 2.500000000000000444e+00 1.800000000000000000e+02 2.794061630397974838e-01
-2.499999999999999556e+00 2.500000000000000444e+00 2.600000000000000000e+02 2.930182460768087083e-01
-2.499999999999999556e+00 2.500000000000000444e+00 3.400000000000000000e+02 3.311511603920099800e-01
-2.399999999999999467e+00 2.500000000000000444e+00 1.000000000000000000e+02 3.198400781038175378e-01
-2.399999999999999467e+00 2.500000000000000444e+00 1.800000000000000000e+02 2.782176557107670645e-01
-2.399999999999999467e+00 2.500000000000000444e+00 2.600000000000000000e+02 2.922548324579871126e-01
-2.399999999999999467e+00 2.500000000000000444e+00 3.400000000000000000e+02 3.264223966761257145e-01
-2.299999999999999378e+00 2.500000000000000444e+00 1.000000000000000000e+02 2.654083888726627150e-01
-2.299999999999999378e+00 2.500000000000000444e+00 1.800000000000000000e+02 3.633444493878543735e-01
-2.299999999999999378e+00 2.500000000000000444e+00 2.600000000000000000e+02 2.917283117030683437e-01
-2.299999999999999378e+00 2.500000000000000444e+00 3.400000000000000000e+02 2.454738408909314940e-01
-2.199999999999999289e+00 2.500000000000000444e+00 1.000000000000000000e+02 2.729413724165454802e-01
-2.199999999999999289e+00 2.500000000000000444e+00 1.800000000000000000e+02 3.200027932147745391e-01
-2.199999999999999289e+00 2.500000000000000444e+00 2.600000000000000000e+02 2.703290109941270947e-01
-2.199999999999999289e+00 2.500000000000000444e+00 3.400000000000000000e+02 3.027798390707071574e-01
-2.099999999999999201e+00 2.500000000000000444e+00 1.000000000000000000e+02 2.882673447323135241e-01
-2.099999999999999201e+00 2.500000000000000444e+00 1.800000000000000000e+02 2.621958435159914558e-01
-2.099999999999999201e+00 2.500000000000000444e+00 2.600000000000000000e+02 2.852899227205936139e-01
-2.099999999999999201e+00 2.500000000000000444e+00 3.400000000000000000e+02 3.169483256690877049e-01
-3.000000000000000000e+00 2.600000000000000533e+00 1.000000000000000000e+02 3.754206796795849232e-01
-3.000000000000000000e+00 2.600000000000000533e+00 1.800000000000000000e+02 3.290726350840474934e-01
-3.000000000000000000e+00 2.600000000000000533e+00 2.600000000000000000e+02 3.745251920125926004e-01
-3.000000000000000000e+00 2.600000000000000533e+00 3.400000000000000000e+02 2.823911468528710333e-01
-2.899999999999999911e+00 2.600000000000000533e+00 1.000000000000000000e+02 2.798222100154340586e-01
-2.899999999999999911e+00 2.600000000000000533e+00 1.800000000000000000e+02 2.675291876794458901e-01
-2.899999999999999911e+00 2.600000000000000533e+00 2.600000000000000000e+02 2.878175469094165217e-01
-2.899999999999999911e+00 2.600000000000000533e+00 3.400000000000000000e+02 3.634048224409129890e-01
-2.799999999999999822e+00 2.600000000000000533e+00 1.000000000000000000e+02 3.804311563678758334e-01
-2.799999999999999822e+00 2.600000000000000533e+00 1.800000000000000000e+02 3.798093946912097785e-01
-2.799999999999999822e+00 2.600000000000000533e+00 2.600000000000000000e+02 3.377860413085961300e-01
-2.799999999999999822e+00 2.600000000000000533e+00 3.400000000000000000e+02 3.396662577610746192e-01
-2.699999999999999734e+00 2.600000000000000533e+00 1.000000000000000000e+02 2.875273426412752187e-01
-2.699999999999999734e+00 2.600000000000000533e+00 1.800000000000000000e+02 2.824974691865833609e-01
-2.699999999999999734e+00 2.600000000000000533e+00 2.600000000000000000e+02 3.121777661703535323e-01
-2.699999999999999734e+00 2.600000000000000533e+00 3.400000000000000000e+02 4.896895299260906054e-01
-2.599999999999999645e+00 2.600000000000000533e+00 1.000000000000000000e+02 3.341414055593426857e-01
-2.599999999999999645e+00 2.600000000000000533e+00 1.800000000000000000e+02 2.881505988877293145e-01
-2.599999999999999645e+00 2.600000000000000533e+00 2.600000000000000000e+02 2.906668366770871481e-01
-2.599999999999999645e+00 2.600000000000000533e+00 3.400000000000000000e+02 3.136262885612781659e-01
-2.499999999999999556e+00 2.600000000000000533e+00 1.000000000000000000e+02 2.513475427284413977e-01
-2.499999999999999556e+00 2.600000000000000533e+00 1.800000000000000000e+02 3.257985602890937082e-01
-2.499999999999999556e+00 2.600000000000000533e+00 2.600000000000000000e+02 2.873503423647545407e-01
-2.499999999999999556e+00 2.600000000000000533e+00 3.400000000000000000e+02 3.611227651611967904e-01
-2.399999999999999467e+00 2.600000000000000533e+00 1.000000000000000000e+02 3.145275398427671565e-01
-2.399999999999999467e+00 2.600000000000000533e+00 1.800000000000000000e+02 2.962900908129503241e-01
-2.399999999999999467e+00 2.600000000000000533e+00 2.600000000000000000e+02 3.893604437427105047e-01
-2.399999999999999467e+00 2.600000000000000533e+00 3.400000000000000000e+02 3.299471061562386787e-01
-2.299999999999999378e+00 2.600000000000000533e+00 1.000000000000000000e+02 2.756249338725814679e-01
-2.299999999999999378e+00 2.600000000000000533e+00 1.800000000000000000e+02 2.834220102385375251e-01
-2.299999999999999378e+00 2.600000000000000533e+00 2.600000000000000000e+02 2.715179285115012497e-01
-2.299999999999999378e+00 2.600000000000000533e+00 3.400000000000000000e+02 3.130618931588968756e-01
-2.199999999999999289e+00 2.600000000000000533e+00 1.000000000000000000e+02 3.089148482234395088e-01
-2.199999999999999289e+00 2.600000000000000533e+00 1.800000000000000000e+02 3.050776107025262585e-01
-2.199999999999999289e+00 2.600000000000000533e+00 2.600000000000000000e+02 3.164218373511061833e-01
-2.199999999999999289e+00 2.600000000000000533e+00 3.400000000000000000e+02 2.797574531819695398e-01
-2.099999999999999201e+00 2.600000000000000533e+00 1.000000000000000000e+02 3.035704558703602451e-01
-2.099999999999999201e+00 2.600000000000000533e+00 1.800000000000000000e+02 2.400187194122110901e-01
-2.099999999999999201e+00 2.600000000000000533e+00 2.600000000000000000e+02 3.727629738984303831e-01
-2.099999999999999201e+00 2.600000000000000533e+00 3.400000000000000000e+02 3.117459512754016115e-01
-3.000000000000000000e+00 2.700000000000000622e+00 1.000000000000000000e+02 3.173235269446573747e-01
-3.000000000000000000e+00 2.700000000000000622e+00 1.800000000000000000e+02 2.841801552582221557e-01
-3.000000000000000000e+00 2.700000000000000622e+00 2.600000000000000000e+02 3.233960097967574221e-01
-3.000000000000000000e+00 2.700000000000000622e+00 3.400000000000000000e+02 3.934877865650919793e-01
-2.899999999999999911e+00 2.700000000000000622e+00 1.000000000000000000e+02 2.872231437599429560e-01
-2.899999999999999911e+00 2.700000000000000622e+00 1.800000000000000000e+02 2.966367327126412379e-01
-2.899999999999999911e+00 2.700000000000000622e+00 2.600000000000000000e+02 3.586097557533729496e-01
-2.899999999999999911e+00 2.700000000000000622e+00 3.400000000000000000e+02 3.865289700419910490e-01
-2.799999999999999822e+00 2.700000000000000622e+00 1.000000000000000000e+02 3.453266200025963961e-01
-2.799999999999999822e+00 2.700000000000000622e+00 1.800000000000000000e+02 3.237099623187762454e-01
-2.799999999999999822e+00 2.700000000000000622e+00 2.600000000000000000e+02 3.000028633467992645e-01
-2.799999999999999822e+00 2.700000000000000622e+00 3.400000000000000000e+02 3.330051512772853606e-01
-2.699999999999999734e+00 2.700000000000000622e+00 1.000000000000000000e+02 2.846565000238573395e-01
-2.699999999999999734e+00 2.700000000000000622e+00 1.800000000000000000e+02 3.706073072019075987e-01
-2.699999999999999734e+00 2.700000000000000622e+00 2.600000000000000000e+02 3.421406527155065325e-01
-2.699999999999999734e+00 2.700000000000000622e+00 3.400000000000000000e+02 3.418618590733749629e-01
-2.599999999999999645e+00 2.700000000000000622e+00 1.000000000000000000e+02 3.169096426386242005e-01
-2.599999999999999645e+00 2.700000000000000622e+00 1.800000000000000000e+02 3.206913008894746175e-01
-2.599999999999999645e+00 2.700000000000000622e+00 2.600000000000000000e+02 2.938250721596262771e-01
-2.599999999999999645e+00 2.700000000000000622e+00 3.400000000000000000e+02 3.345888413487094759e-01
-2.499999999999999556e+00 2.700000000000000622e+00 1.000000000000000000e+02 2.812485613889060820e-01
-2.499999999999999556e+00 2.700000000000000622e+00 1.800000000000000000e+02 3.104767339665268633e-01
-2.499999999999999556e+00 2.700000000000000622e+00 2.600000000000000000e+02 2.878701296084432704e-01
-2.499999999999999556e+00 2.700000000000000622e+00 3.400000000000000000e+02 2.821217879121767913e-01
-2.399999999999999467e+00 2.700000000000000622e+00 1.000000000000000000e+02 2.643417065256953302e-01
-2.399999999999999467e+00 2.700000000000000622e+00 1.800000000000000000e+02 2.751464161616170578e-01
-2.399999999999999467e+00 2.700000000000000622e+00 2.600000000000000000e+02 3.718847147541386455e-01
-2.399999999999999467e+00 2.700000000000000622e+00 3.400000000000000000e+02 3.075339616498743434e-01
-2.299999999999999378e+00 2.700000000000000622e+00 1.000000000000000000e+02 2.955591750080036606e-01
-2.299999999999999378e+00 2.700000000000000622e+00 1.800000000000000000e+02 2.848248298530007272e-01
-2.299999999999999378e+00 2.700000000000000622e+00 2.600000000000000000e+02 3.286961786454983825e-01
-2.299999999999999378e+00 2.700000000000000622e+00 3.400000000000000000e+02 2.694893497310897335e-01
-2.199999999999999289e+00 2.700000000000000622e+00 1.000000000000000000e+02 2.607401466377337051e-01
-2.199999999999999289e+00 2.700000000000000622e+00 1.800000000000000000e+02 2.890701083665323523e-01
-2.199999999999999289e+00 2.700000000000000622e+00 2.600000000000000000e+02 2.746794366693726674e-01
-2.199999999999999289e+00 2.700000000000000622e+00 3.400000000000000000e+02 2.994426844909267027e-01
-2.099999999999999201e+00 2.700000000000000622e+00 1.000000000000000000e+02 2.738871548199744987e-01
-2.099999999999999201e+00 2.700000000000000622e+00 1.800000000000000000e+02 2.216405981755715793e-01
-2.099999999999999201e+00 2.700000000000000622e+00 2.600000000000000000e+02 3.349633747697156050e-01
-2.099999999999999201e+00 2.700000000000000622e+00 3.400000000000000000e+02 2.830135996091556194e-01
-3.000000000000000000e+00 2.800000000000000711e+00 1.000000000000000000e+02 3.865871764387229792e-01
-3.000000000000000000e+00 2.800000000000000711e+00 1.800000000000000000e+02 2.899398658266594264e-01
-3.000000000000000000e+00 2.800000000000000711e+00 2.600000000000000000e+02 3.323282865575499789e-01
-3.000000000000000000e+00 2.800000000000000711e+00 3.400000000000000000e+02 3.491743167812836335e-01
-2.899999999999999911e+00 2.800000000000000711e+00 1.000000000000000000e+02 2.749324976359869277e-01
-2.899999999999999911e+00 2.800000000000000711e+00 1.800000000000000000e+02 2.602866756668242854e-01
-2.899999999999999911e+00 2.800000000000000711e+00 2.600000000000000000e+02 3.179661777454400040e-01
-2.899999999999999911e+00 2.800000000000000711e+00 3.400000000000000000e+02 3.000914794227660387e-01
-2.799999999999999822e+00 2.800000000000000711e+00 1.000000000000000000e+02 2.714498463176102661e-01
-2.799999999999999822e+00 2.800000000000000711e+00 1.800000000000000000e+02 3.982421138630615198e-01
-2.799999999999999822e+00 2.800000000000000711e+00 2.600000000000000000e+02 2.821487905317888734e-01
-2.799999999999999822e+00 2.800000000000000711e+00 3.400000000000000000e+02 2.796563181125996111e-01
-2.699999999999999734e+00 2.800000000000000711e+00 1.000000000000000000e+02 3.068516797418044950e-01
-2.699999999999999734e+00 2.800000000000000711e+00 1.800000000000000000e+02 2.926701427032880609e-01
-2.699999999999999734e+00 2.800000000000000711e+00 2.600000000000000000e+02 2.717808034102161541e-01
-2.699999999999999734e+00 2.800000000000000711e+00 3.400000000000000000e+02 2.960255889001621732e-01
-2.599999999999999645e+00 2.800000000000000711e+00 1.000000000000000000e+02 3.216582345155316602e-01
-2.599999999999999645e+00 2.800000000000000711e+00 1.800000000000000000e+02 2.826374058551740509e-01
-2.599999999999999645e+00 2.800000000000000711e+00 2.600000000000000000e+02 3.252943204951728173e-01
-2.599999999999999645e+00 2.800000000000000711e+00 3.400000000000000000e+02 3.151312110957168455e-01
-2.499999999999999556e+00 2.800000000000000711e+00 1.000000000000000000e+02 3.152471709551538659e-01
-2.499999999999999556e+00 2.800000000000000711e+00 1.800000000000000000e+02 3.096710235392641231e-01
-2.499999999999999556e+00 2.800000000000000711e+00 2.600000000000000000e+02 2.774804509008012010e-01
-2.499999999999999556e+00 2.800000000000000711e+00 3.400000000000000000e+02 2.729292882546396903e-01
-2.399999999999999467e+00 2.800000000000000711e+00 1.000000000000000000e+02 3.339562899808155017e-01
-2.399999999999999467e+00 2.800000000000000711e+00 1.800000000000000000e+02 2.928377210152844912e-01
-2.399999999999999467e+00 2.800000000000000711e+00 2.600000000000000000e+02 2.957538461873038260e-01
-2.399999999999999467e+00 2.800000000000000711e+00 3.400000000000000000e+02 2.952166464272378832e-01
-2.299999999999999378e+00 2.800000000000000711e+00 1.000000000000000000e+02 2.602102473276801664e-01
-2.299999999999999378e+00 2.800000000000000711e+00 1.800000000000000000e+02 2.887937262331468080e-01
-2.299999999999999378e+00 2.800000000000000711e+00 2.600000000000000000e+02 3.114480397356761410e-01
-2.299999999999999378e+00 2.800000000000000711e+00 3.400000000000000000e+02 2.656373293189079332e-01
-2.199999999999999289e+00 2.800000000000000711e+00 1.000000000000000000e+02 3.246450909748568314e-01
-2.199999999999999289e+00 2.800000000000000711e+00 1.800000000000000000e+02 3.168193216573249593e-01
-2.199999999999999289e+00 2.800000000000000711e+00 2.600000000000000000e+02 2.984818120246013340e-01
-2.199999999999999289e+00 2.800000000000000711e+00 3.400000000000000000e+02 3.274860757926942867e-01
-2.099999999999999201e+00 2.800000000000000711e+00 1.000000000000000000e+02 2.661927868725476598e-01
-2.099999999999999201e+00 2.800000000000000711e+00 1.800000000000000000e+02 2.420967179679003323e-01
-2.099999999999999201e+00 2.800000000000000711e+00 2.600000000000000000e+02 2.942608169642171312e-01
-2.099999999999999201e+00 2.800000000000000711e+00 3.400000000000000000e+02 3.658036323038634796e-01
-3.000000000000000000e+00 2.900000000000000799e+00 1.000000000000000000e+02 4.195693719467995519e-01
-3.000000000000000000e+00 2.900000000000000799e+00 1.800000000000000000e+02 3.873473273457431754e-01
-3.000000000000000000e+00 2.900000000000000799e+00 2.600000000000000000e+02 4.023648486932572821e-01
-3.000000000000000000e+00 2.900000000000000799e+00 3.400000000000000000e+02 2.931391366026270262e-01
-2.899999999999999911e+00 2.900000000000000799e+00 1.000000000000000000e+02 3.675185819098496509e-01
-2.899999999999999911e+00 2.900000000000000799e+00 1.800000000000000000e+02 3.663248398142703310e-01
-2.899999999999999911e+00 2.900000000000000799e+00 2.600000000000000000e+02 3.185638185793102650e-01
-2.899999999999999911e+00 2.900000000000000799e+00 3.400000000000000000e+02 4.064377216009201765e-01
-2.799999999999999822e+00 2.900000000000000799e+00 1.000000000000000000e+02 4.383715009320039435e-01
-2.799999999999999822e+00 2.900000000000000799e+00 1.800000000000000000e+02 3.438814655872709514e-01
-2.799999999999999822e+00 2.900000000000000799e+00 2.600000000000000000e+02 3.287060962186908464e-01
-2.799999999999999822e+00 2.900000000000000799e+00 3.400000000000000000e+02 3.262772849615449555e-01
-2.699999999999999734e+00 2.900000000000000799e+00 1.000000000000000000e+02 3.309899843464170210e-01
-2.699999999999999734e+00 2.900000000000000799e+00 1.800000000000000000e+02 3.146885416154046045e-01
-2.699999999999999734e+00 2.900000000000000799e+00 2.600000000000000000e+02 2.866174698705532542e-01
-2.699999999999999734e+00 2.900000000000000799e+00 3.400000000000000000e+02 3.564317855538737811e-01
-2.599999999999999645e+00 2.900000000000000799e+00 1.000000000000000000e+02 3.779877501740707135e-01
-2.599999999999999645e+00 2.900000000000000799e+00 1.800000000000000000e+02 2.748823952716971109e-01
-2.599999999999999645e+00 2.900000000000000799e+00 2.600000000000000000e+02 2.860527965108974335e-01
-2.599999999999999645e+00 2.900000000000000799e+00 3.400000000000000000e+02 3.617711926170577019e-01
-2.499999999999999556e+00 2.900000000000000799e+00 1.000000000000000000e+02 2.882834344827082118e-01
-2.499999999999999556e+00 2.900000000000000799e+00 1.800000000000000000e+02 2.916371488392889288e-01
-2.499999999999999556e+00 2.900000000000000799e+00 2.600000000000000000e+02 2.678959559690681225e-01
-2.499999999999999556e+00 2.900000000000000799e+00 3.400000000000000000e+02 2.614665391435653241e-01
-2.399999999999999467e+00 2.900000000000000799e+00 1.000000000000000000e+02 3.189364471683800994e-01
-2.399999999999999467e+00 2.900000000000000799e+00 1.800000000000000000e+02 2.733970159788129406e-01
-2.399999999999999467e+00 2.900000000000000799e+00 2.600000000000000000e+02 4.003867484254249876e-01
-2.399999999999999467e+00 2.900000000000000799e+00 3.400000000000000000e+02 2.980996120088067469e-01
-2.299999999999999378e+00 2.900000000000000799e+00 1.000000000000000000e+02 3.061485340530212262e-01
-2.299999999999999378e+00 2.900000000000000799e+00 1.800000000000000000e+02 2.432548343523472933e-01
-2.299999999999999378e+00 2.900000000000000799e+00 2.600000000000000000e+02 2.801966287559796154e-01
-2.299999999999999378e+00 2.900000000000000799e+00 3.400000000000000000e+02 3.169061347804511541e-01
-2.199999999999999289e+00 2.900000000000000799e+00 1.000000000000000000e+02 2.411508983419381469e-01
-2.199999999999999289e+00 2.900000000000000799e+00 1.800000000000000000e+02 3.060792570642577592e-01
-2.199999999999999289e+00 2.900000000000000799e+00 2.600000000000000000e+02 3.247640404186544760e-01
-2.199999999999999289e+00 2.900000000000000799e+00 3.400000000000000000e+02 2.789907921348484532e-01
-2.099999999999999201e+00 2.900000000000000799e+00 1.000000000000000000e+02 3.522714856736391953e-01
-2.099999999999999201e+00 2.900000000000000799e+00 1.800000000000000000e+02 3.386184673277082835e-01
-2.099999999999999201e+00 2.900000000000000799e+00 2.600000000000000000e+02 2.841465908542486485e-01
-2.099999999999999201e+00 2.900000000000000799e+00 3.400000000000000000e+02 3.834793185905883695e-01
