-2.600000000000000089e+00 1.850000000000000089e+00 4.100000000000000000e+02 7.145683027908312779e-01
-2.600000000000000089e+00 1.850000000000000089e+00 4.600000000000000000e+02 6.614697113613875468e-01
-2.600000000000000089e+00 1.850000000000000089e+00 5.100000000000000000e+02 7.309803203564473328e-01
-2.600000000000000089e+00 1.850000000000000089e+00 5.600000000000000000e+02 6.411057941249390657e-01
-2.600000000000000089e+00 1.850000000000000089e+00 6.100000000000000000e+02 7.013104751518933755e-01
-2.600000000000000089e+00 1.850000000000000089e+00 6.600000000000000000e+02 7.495715363216615135e-01
-2.500000000000000000e+00 1.850000000000000089e+00 4.100000000000000000e+02 6.151593681060417707e-01
-2.500000000000000000e+00 1.850000000000000089e+00 4.600000000000000000e+02 7.025071485333395094e-01
-2.500000000000000000e+00 1.850000000000000089e+00 5.100000000000000000e+02 6.562023921505077961e-01
-2.500000000000000000e+00 1.850000000000000089e+00 5.600000000000000000e+02 6.923708548195537382e-01
-2.500000000000000000e+00 1.850000000000000089e+00 6.100000000000000000e+02 6.433462973020610542e-01
-2.500000000000000000e+00 1.850000000000000089e+00 6.600000000000000000e+02 5.927921511093472429e-01
-2.399999999999999911e+00 1.850000000000000089e+00 4.100000000000000000e+02 7.422251601639768825e-01
-2.399999999999999911e+00 1.850000000000000089e+00 4.600000000000000000e+02 6.864758155480611412e-01
-2.399999999999999911e+00 1.850000000000000089e+00 5.100000000000000000e+02 6.927480555296988696e-01
-2.399999999999999911e+00 1.850000000000000089e+00 5.600000000000000000e+02 7.447673259670017920e-01
-2.399999999999999911e+00 1.850000000000000089e+00 6.100000000000000000e+02 7.297220726266204771e-01
-2.399999999999999911e+00 1.850000000000000089e+00 6.600000000000000000e+02 7.130080452460413332e-01
-2.299999999999999822e+00 1.850000000000000089e+00 4.100000000000000000e+02 7.062008976779136082e-01
-2.299999999999999822e+00 1.850000000000000089e+00 4.600000000000000000e+02 6.727372080067844928e-01
-2.299999999999999822e+00 1.850000000000000089e+00 5.100000000000000000e+02 6.756650827765298128e-01
-2.299999999999999822e+00 1.850000000000000089e+00 5.600000000000000000e+02 6.941796949901606339e-01
-2.299999999999999822e+00 1.850000000000000089e+00 6.100000000000000000e+02 6.367746184844076396e-01
-2.299999999999999822e+00 1.850000000000000089e+00 6.600000000000000000e+02 6.830656218841253402e-01
-2.199999999999999734e+00 1.850000000000000089e+00 4.100000000000000000e+02 6.533978753550111485e-01
-2.199999999999999734e+00 1.850000000000000089e+00 4.600000000000000000e+02 6.762474956231634415e-01
-2.199999999999999734e+00 1.850000000000000089e+00 5.100000000000000000e+02 6.904074393099957074e-01
-2.199999999999999734e+00 1.850000000000000089e+00 5.600000000000000000e+02 6.758800753885668700e-01
-2.199999999999999734e+00 1.850000000000000089e+00 6.100000000000000000e+02 7.425256434850640019e-01
-2.199999999999999734e+00 1.850000000000000089e+00 6.600000000000000000e+02 6.694822994365232649e-01
-2.099999999999999645e+00 1.850000000000000089e+00 4.100000000000000000e+02 7.349028700777620049e-01
-2.099999999999999645e+00 1.850000000000000089e+00 4.600000000000000000e+02 7.143282539889259652e-01
-2.099999999999999645e+00 1.850000000000000089e+00 5.100000000000000000e+02 6.066528009953224831e-01
-2.099999999999999645e+00 1.850000000000000089e+00 5.600000000000000000e+02 7.118330724040267121e-01
-2.099999999999999645e+00 1.850000000000000089e+00 6.100000000000000000e+02 6.506648313476532941e-01
-2.099999999999999645e+00 1.850000000000000089e+00 6.600000000000000000e+02 6.140594830872375676e-01
-1.999999999999999556e+00 1.850000000000000089e+00 4.100000000000000000e+02 6.485882097336711505e-01
-1.999999999999999556e+00 1.850000000000000089e+00 4.600000000000000000e+02 6.271097709184343394e-01
-1.999999999999999556e+00 1.850000000000000089e+00 5.100000000000000000e+02 6.309742081242619705e-01
-1.999999999999999556e+00 1.850000000000000089e+00 5.600000000000000000e+02 7.232762725946066951e-01
-1.999999999999999556e+00 1.850000000000000089e+00 6.100000000000000000e+02 6.312536193829061393e-01
-1.999999999999999556e+00 1.850000000000000089e+00 6.600000000000000000e+02 6.695537581000255978e-01
-1.899999999999999467e+00 1.850000000000000089e+00 4.100000000000000000e+02 6.858117835558825703e-01
-1.899999999999999467e+00 1.850000000000000089e+00 4.600000000000000000e+02 6.332185912009399287e-01
-1.899999999999999467e+00 1.850000000000000089e+00 5.100000000000000000e+02 6.902213334958875457e-01
-1.899999999999999467e+00 1.850000000000000089e+00 5.600000000000000000e+02 7.163771968707343119e-01
-1.899999999999999467e+00 1.850000000000000089e+00 6.100000000000000000e+02 6.280892357735141651e-01
-1.899999999999999467e+00 1.850000000000000089e+00 6.600000000000000000e+02 7.415620930084508844e-01
-2.600000000000000089e+00 1.950000000000000178e+00 4.100000000000000000e+02 6.415110741794096683e-01
-2.600000000000000089e+00 1.950000000000000178e+00 4.600000000000000000e+02 7.000729887929115769e-01
-2.600000000000000089e+00 1.950000000000000178e+00 5.100000000000000000e+02 6.861886477663438066e-01
-2.600000000000000089e+00 1.950000000000000178e+00 5.600000000000000000e+02 7.050161866185873372e-01
-2.600000000000000089e+00 1.950000000000000178e+00 6.100000000000000000e+02 6.564193118287370288e-01
-2.600000000000000089e+00 1.950000000000000178e+00 6.600000000000000000e+02 7.375471099818108334e-01
-2.500000000000000000e+00 1.950000000000000178e+00 4.100000000000000000e+02 7.618547892314794234e-01
-2.500000000000000000e+00 1.950000000000000178e+00 4.600000000000000000e+02 7.336658864532519253e-01
-2.500000000000000000e+00 1.950000000000000178e+00 5.100000000000000000e+02 7.765192003384371322e-01
-2.500000000000000000e+00 1.950000000000000178e+00 5.600000000000000000e+02 7.562820063643749258e-01
-2.500000000000000000e+00 1.950000000000000178e+00 6.100000000000000000e+02 6.705929170300042319e-01
-2.500000000000000000e+00 1.950000000000000178e+00 6.600000000000000000e+02 7.555674045855824694e-01
-2.399999999999999911e+00 1.950000000000000178e+00 4.100000000000000000e+02 6.201010169965326391e-01
-2.399999999999999911e+00 1.950000000000000178e+00 4.600000000000000000e+02 7.177351606451888300e-01
-2.399999999999999911e+00 1.950000000000000178e+00 5.100000000000000000e+02 6.585386445190362092e-01
-2.399999999999999911e+00 1.950000000000000178e+00 5.600000000000000000e+02 7.022418853121303872e-01
-2.399999999999999911e+00 1.950000000000000178e+00 6.100000000000000000e+02 7.055868729034573406e-01
-2.399999999999999911e+00 1.950000000000000178e+00 6.600000000000000000e+02 6.483211662488627125e-01
-2.299999999999999822e+00 1.950000000000000178e+00 4.100000000000000000e+02 6.563674757911497348e-01
-2.299999999999999822e+00 1.950000000000000178e+00 4.600000000000000000e+02 7.028466716439490947e-01
-2.299999999999999822e+00 1.950000000000000178e+00 5.100000000000000000e+02 7.141017140664088769e-01
-2.299999999999999822e+00 1.950000000000000178e+00 5.600000000000000000e+02 7.188710333162090516e-01
-2.299999999999999822e+00 1.950000000000000178e+00 6.100000000000000000e+02 6.843682362739946790e-01
-2.299999999999999822e+00 1.950000000000000178e+00 6.600000000000000000e+02 6.646134443490586685e-01
-2.199999999999999734e+00 1.950000000000000178e+00 4.100000000000000000e+02 7.168452730115730809e-01
-2.199999999999999734e+00 1.950000000000000178e+00 4.600000000000000000e+02 7.519526333666624041e-01
-2.199999999999999734e+00 1.950000000000000178e+00 5.100000000000000000e+02 6.845105690853970914e-01
-2.199999999999999734e+00 1.950000000000000178e+00 5.600000000000000000e+02 6.877553554821767001e-01
-2.199999999999999734e+00 1.950000000000000178e+00 6.100000000000000000e+02 7.083627059878028209e-01
-2.199999999999999734e+00 1.950000000000000178e+00 6.600000000000000000e+02 7.350714940789169205e-01
-2.099999999999999645e+00 1.950000000000000178e+00 4.100000000000000000e+02 7.459661748098841416e-01
-2.099999999999999645e+00 1.950000000000000178e+00 4.600000000000000000e+02 7.350840927010313663e-01
-2.099999999999999645e+00 1.950000000000000178e+00 5.100000000000000000e+02 6.857877362265955012e-01
-2.099999999999999645e+00 1.950000000000000178e+00 5.600000000000000000e+02 7.080536639693404410e-01
-2.099999999999999645e+00 1.950000000000000178e+00 6.100000000000000000e+02 7.259215664142824043e-01
-2.099999999999999645e+00 1.950000000000000178e+00 6.600000000000000000e+02 6.587560864773300828e-01
-1.999999999999999556e+00 1.950000000000000178e+00 4.100000000000000000e+02 7.010809792263629214e-01
-1.999999999999999556e+00 1.950000000000000178e+00 4.600000000000000000e+02 7.009832519958235642e-01
-1.999999999999999556e+00 1.950000000000000178e+00 5.100000000000000000e+02 6.414345367862153147e-01
-1.999999999999999556e+00 1.950000000000000178e+00 5.600000000000000000e+02 5.354440181425298428e-01
-1.999999999999999556e+00 1.950000000000000178e+00 6.100000000000000000e+02 7.084472861106818620e-01
-1.999999999999999556e+00 1.950000000000000178e+00 6.600000000000000000e+02 6.232665486473650818e-01
-1.899999999999999467e+00 1.950000000000000178e+00 4.100000000000000000e+02 7.340177565915900759e-01
-1.899999999999999467e+00 1.950000000000000178e+00 4.600000000000000000e+02 6.958321142072105836e-01
-1.899999999999999467e+00 1.950000000000000178e+00 5.100000000000000000e+02 7.357701922539751083e-01
-1.899999999999999467e+00 1.950000000000000178e+00 5.600000000000000000e+02 7.300232642694250984e-01
-1.899999999999999467e+00 1.950000000000000178e+00 6.100000000000000000e+02 7.175732472761434666e-01
-1.899999999999999467e+00 1.950000000000000178e+00 6.600000000000000000e+02 7.215876075052395366e-01
-2.600000000000000089e+00 2.050000000000000266e+00 4.100000000000000000e+02 7.005502898680847634e-01
-2.600000000000000089e+00 2.050000000000000266e+00 4.600000000000000000e+02 7.121959174535580361e-01
-2.600000000000000089e+00 2.050000000000000266e+00 5.100000000000000000e+02 7.180053042269755048e-01
-2.600000000000000089e+00 2.050000000000000266e+00 5.600000000000000000e+02 6.864017173228502688e-01
-2.600000000000000089e+00 2.050000000000000266e+00 6.100000000000000000e+02 6.772003681552036802e-01
-2.600000000000000089e+00 2.050000000000000266e+00 6.600000000000000000e+02 7.245657202926892859e-01
-2.500000000000000000e+00 2.050000000000000266e+00 4.100000000000000000e+02 6.824402338946767843e-01
-2.500000000000000000e+00 2.050000000000000266e+00 4.600000000000000000e+02 6.886775074700930421e-01
-2.500000000000000000e+00 2.050000000000000266e+00 5.100000000000000000e+02 6.448604325746590815e-01
-2.500000000000000000e+00 2.050000000000000266e+00 5.600000000000000000e+02 7.400197953321314692e-01
-2.500000000000000000e+00 2.050000000000000266e+00 6.100000000000000000e+02 6.783204283140330526e-01
-2.500000000000000000e+00 2.050000000000000266e+00 6.600000000000000000e+02 6.358597571018219652e-01
-2.399999999999999911e+00 2.050000000000000266e+00 4.100000000000000000e+02 7.178859891039413021e-01
-2.399999999999999911e+00 2.050000000000000266e+00 4.600000000000000000e+02 7.237043354058276812e-01
-2.399999999999999911e+00 2.050000000000000266e+00 5.100000000000000000e+02 6.882684321346054235e-01
-2.399999999999999911e+00 2.050000000000000266e+00 5.600000000000000000e+02 6.281590891789399222e-01
-2.399999999999999911e+00 2.050000000000000266e+00 6.100000000000000000e+02 6.484644762385134431e-01
-2.399999999999999911e+00 2.050000000000000266e+00 6.600000000000000000e+02 7.347424035443157475e-01
-2.299999999999999822e+00 2.050000000000000266e+00 4.100000000000000000e+02 6.032143033089456541e-01
-2.299999999999999822e+00 2.050000000000000266e+00 4.600000000000000000e+02 6.747146113739433959e-01
-2.299999999999999822e+00 2.050000000000000266e+00 5.100000000000000000e+02 6.765442907116258064e-01
-2.299999999999999822e+00 2.050000000000000266e+00 5.600000000000000000e+02 7.096121194402498222e-01
-2.299999999999999822e+00 2.050000000000000266e+00 6.100000000000000000e+02 6.377967299353679564e-01
-2.299999999999999822e+00 2.050000000000000266e+00 6.600000000000000000e+02 7.393813345605371179e-01
-2.199999999999999734e+00 2.050000000000000266e+00 4.100000000000000000e+02 7.162558043310592870e-01
-2.199999999999999734e+00 2.050000000000000266e+00 4.600000000000000000e+02 7.530910701898468895e-01
-2.199999999999999734e+00 2.050000000000000266e+00 5.100000000000000000e+02 7.115594843087523769e-01
-2.199999999999999734e+00 2.050000000000000266e+00 5.600000000000000000e+02 7.257232834044490266e-01
-2.199999999999999734e+00 2.050000000000000266e+00 6.100000000000000000e+02 6.626914062513332704e-01
-2.199999999999999734e+00 2.050000000000000266e+00 6.600000000000000000e+02 7.135543663139632953e-01
-2.099999999999999645e+00 2.050000000000000266e+00 4.100000000000000000e+02 6.700115234784436158e-01
-2.099999999999999645e+00 2.050000000000000266e+00 4.600000000000000000e+02 6.967744069843875288e-01
-2.099999999999999645e+00 2.050000000000000266e+00 5.100000000000000000e+02 6.807989205392219745e-01
-2.099999999999999645e+00 2.050000000000000266e+00 5.600000000000000000e+02 6.567111908313991719e-01
-2.099999999999999645e+00 2.050000000000000266e+00 6.100000000000000000e+02 6.211195587588181910e-01
-2.099999999999999645e+00 2.050000000000000266e+00 6.600000000000000000e+02 6.273992265778324251e-01
-1.999999999999999556e+00 2.050000000000000266e+00 4.100000000000000000e+02 6.902531664703990266e-01
-1.999999999999999556e+00 2.050000000000000266e+00 4.600000000000000000e+02 7.050851828131284860e-01
-1.999999999999999556e+00 2.050000000000000266e+00 5.100000000000000000e+02 7.322870244674601903e-01
-1.999999999999999556e+00 2.050000000000000266e+00 5.600000000000000000e+02 5.923085835924490894e-01
-1.999999999999999556e+00 2.050000000000000266e+00 6.100000000000000000e+02 7.100873638983016267e-01
-1.999999999999999556e+00 2.050000000000000266e+00 6.600000000000000000e+02 6.765382363087329987e-01
-1.899999999999999467e+00 2.050000000000000266e+00 4.100000000000000000e+02 5.848014768928364582e-01
-1.899999999999999467e+00 2.050000000000000266e+00 4.600000000000000000e+02 6.527802856203690496e-01
-1.899999999999999467e+00 2.050000000000000266e+00 5.100000000000000000e+02 7.008546402890551974e-01
-1.899999999999999467e+00 2.050000000000000266e+00 5.600000000000000000e+02 7.444412622761630294e-01
-1.899999999999999467e+00 2.050000000000000266e+00 6.100000000000000000e+02 6.620684653535232611e-01
-1.899999999999999467e+00 2.050000000000000266e+00 6.600000000000000000e+02 6.797207708055142961e-01
-2.600000000000000089e+00 2.150000000000000355e+00 4.100000000000000000e+02 7.126307147476886872e-01
-2.600000000000000089e+00 2.150000000000000355e+00 4.600000000000000000e+02 7.048232418819987410e-01
-2.600000000000000089e+00 2.150000000000000355e+00 5.100000000000000000e+02 7.333930242229624863e-01
-2.600000000000000089e+00 2.150000000000000355e+00 5.600000000000000000e+02 6.831893511579532063e-01
-2.600000000000000089e+00 2.150000000000000355e+00 6.100000000000000000e+02 7.153153431867858014e-01
-2.600000000000000089e+00 2.150000000000000355e+00 6.600000000000000000e+02 7.272735154651004397e-01
-2.500000000000000000e+00 2.150000000000000355e+00 4.100000000000000000e+02 6.985491837942733317e-01
-2.500000000000000000e+00 2.150000000000000355e+00 4.600000000000000000e+02 6.708795981417478016e-01
-2.500000000000000000e+00 2.150000000000000355e+00 5.100000000000000000e+02 6.283044496611698282e-01
-2.500000000000000000e+00 2.150000000000000355e+00 5.600000000000000000e+02 6.697038990679793358e-01
-2.500000000000000000e+00 2.150000000000000355e+00 6.100000000000000000e+02 7.323511307292278616e-01
-2.500000000000000000e+00 2.150000000000000355e+00 6.600000000000000000e+02 7.005137413261653956e-01
-2.399999999999999911e+00 2.150000000000000355e+00 4.100000000000000000e+02 5.885950073100204571e-01
-2.399999999999999911e+00 2.150000000000000355e+00 4.600000000000000000e+02 7.016579702623894077e-01
-2.399999999999999911e+00 2.150000000000000355e+00 5.100000000000000000e+02 6.791435109412548021e-01
-2.399999999999999911e+00 2.150000000000000355e+00 5.600000000000000000e+02 6.848396443450097681e-01
-2.399999999999999911e+00 2.150000000000000355e+00 6.100000000000000000e+02 6.730146263960204989e-01
-2.399999999999999911e+00 2.150000000000000355e+00 6.600000000000000000e+02 7.421963365610145802e-01
-2.299999999999999822e+00 2.150000000000000355e+00 4.100000000000000000e+02 7.318927264309325054e-01
-2.299999999999999822e+00 2.150000000000000355e+00 4.600000000000000000e+02 7.240067365674268673e-01
-2.299999999999999822e+00 2.150000000000000355e+00 5.100000000000000000e+02 7.081838645653312225e-01
-2.299999999999999822e+00 2.150000000000000355e+00 5.600000000000000000e+02 6.983587532833482880e-01
-2.299999999999999822e+00 2.150000000000000355e+00 6.100000000000000000e+02 7.484072350142443319e-01
-2.299999999999999822e+00 2.150000000000000355e+00 6.600000000000000000e+02 7.027386164581758132e-01
-2.199999999999999734e+00 2.150000000000000355e+00 4.100000000000000000e+02 7.120077272036778870e-01
-2.199999999999999734e+00 2.150000000000000355e+00 4.600000000000000000e+02 6.398215537963334310e-01
-2.199999999999999734e+00 2.150000000000000355e+00 5.100000000000000000e+02 6.428735005497556720e-01
-2.199999999999999734e+00 2.150000000000000355e+00 5.600000000000000000e+02 7.408394265252530309e-01
-2.199999999999999734e+00 2.150000000000000355e+00 6.100000000000000000e+02 6.550237161271640352e-01
-2.199999999999999734e+00 2.150000000000000355e+00 6.600000000000000000e+02 7.182481352647901440e-01
-2.099999999999999645e+00 2.150000000000000355e+00 4.100000000000000000e+02 7.128878828360479813e-01
-2.099999999999999645e+00 2.150000000000000355e+00 4.600000000000000000e+02 6.648191644969599912e-01
-2.099999999999999645e+00 2.150000000000000355e+00 5.100000000000000000e+02 6.790970244865265348e-01
-2.099999999999999645e+00 2.150000000000000355e+00 5.600000000000000000e+02 6.032714337270276284e-01
-2.099999999999999645e+00 2.150000000000000355e+00 6.100000000000000000e+02 6.586278313813201946e-01
-2.099999999999999645e+00 2.150000000000000355e+00 6.600000000000000000e+02 6.631945874417983777e-01
-1.999999999999999556e+00 2.150000000000000355e+00 4.100000000000000000e+02 6.601703061383806803e-01
-1.999999999999999556e+00 2.150000000000000355e+00 4.600000000000000000e+02 6.691924410740217599e-01
-1.999999999999999556e+00 2.150000000000000355e+00 5.100000000000000000e+02 7.088977437844252716e-01
-1.999999999999999556e+00 2.150000000000000355e+00 5.600000000000000000e+02 6.772074760749031697e-01
-1.999999999999999556e+00 2.150000000000000355e+00 6.100000000000000000e+02 6.513012507641656734e-01
-1.999999999999999556e+00 2.150000000000000355e+00 6.600000000000000000e+02 6.677319253157324441e-01
-1.899999999999999467e+00 2.150000000000000355e+00 4.100000000000000000e+02 6.940151166621011392e-01
-1.899999999999999467e+00 2.150000000000000355e+00 4.600000000000000000e+02 6.910932985081389424e-01
-1.899999999999999467e+00 2.150000000000000355e+00 5.100000000000000000e+02 6.343107588255311180e-01
-1.899999999999999467e+00 2.150000000000000355e+00 5.600000000000000000e+02 6.048145990609419265e-01
-1.899999999999999467e+00 2.150000000000000355e+00 6.100000000000000000e+02 6.485038386799032439e-01
-1.899999999999999467e+00 2.150000000000000355e+00 6.600000000000000000e+02 6.400220673110080805e-01
-2.600000000000000089e+00 2.250000000000000444e+00 4.100000000000000000e+02 6.266940763974128137e-01
-2.600000000000000089e+00 2.250000000000000444e+00 4.600000000000000000e+02 5.612156612020500202e-01
-2.600000000000000089e+00 2.250000000000000444e+00 5.100000000000000000e+02 6.102339674848872297e-01
-2.600000000000000089e+00 2.250000000000000444e+00 5.600000000000000000e+02 6.189536827870854019e-01
-2.600000000000000089e+00 2.250000000000000444e+00 6.100000000000000000e+02 6.981848332097104759e-01
-2.600000000000000089e+00 2.250000000000000444e+00 6.600000000000000000e+02 6.871253183632627382e-01
-2.500000000000000000e+00 2.250000000000000444e+00 4.100000000000000000e+02 6.878228838009973201e-01
-2.500000000000000000e+00 2.250000000000000444e+00 4.600000000000000000e+02 6.030876212266521597e-01
-2.500000000000000000e+00 2.250000000000000444e+00 5.100000000000000000e+02 6.687398289194184109e-01
-2.500000000000000000e+00 2.250000000000000444e+00 5.600000000000000000e+02 6.259255464110293765e-01
-2.500000000000000000e+00 2.250000000000000444e+00 6.100000000000000000e+02 7.315017817513614906e-01
-2.500000000000000000e+00 2.250000000000000444e+00 6.600000000000000000e+02 6.003473466096598266e-01
-2.399999999999999911e+00 2.250000000000000444e+00 4.100000000000000000e+02 7.422997441621705939e-01
-2.399999999999999911e+00 2.250000000000000444e+00 4.600000000000000000e+02 7.382037148509312807e-01
-2.399999999999999911e+00 2.250000000000000444e+00 5.100000000000000000e+02 6.828909920042447457e-01
-2.399999999999999911e+00 2.250000000000000444e+00 5.600000000000000000e+02 6.802238337711000726e-01
-2.399999999999999911e+00 2.250000000000000444e+00 6.100000000000000000e+02 6.971884020569024676e-01
-2.399999999999999911e+00 2.250000000000000444e+00 6.600000000000000000e+02 6.670085159264975694e-01
-2.299999999999999822e+00 2.250000000000000444e+00 4.100000000000000000e+02 6.204723828806030239e-01
-2.299999999999999822e+00 2.250000000000000444e+00 4.600000000000000000e+02 7.039914608021012876e-01
-2.299999999999999822e+00 2.250000000000000444e+00 5.100000000000000000e+02 6.768027227412580782e-01
-2.299999999999999822e+00 2.250000000000000444e+00 5.600000000000000000e+02 7.254818169208459011e-01
-2.299999999999999822e+00 2.250000000000000444e+00 6.100000000000000000e+02 7.211349362478702840e-01
-2.299999999999999822e+00 2.250000000000000444e+00 6.600000000000000000e+02 6.982349425023699485e-01
-2.199999999999999734e+00 2.250000000000000444e+00 4.100000000000000000e+02 6.278390139347539423e-01
-2.199999999999999734e+00 2.250000000000000444e+00 4.600000000000000000e+02 7.144498998531192413e-01
-2.199999999999999734e+00 2.250000000000000444e+00 5.100000000000000000e+02 6.307803928240853786e-01
-2.199999999999999734e+00 2.250000000000000444e+00 5.600000000000000000e+02 7.155705199961879259e-01
-2.199999999999999734e+00 2.250000000000000444e+00 6.100000000000000000e+02 6.290522397874043214e-01
-2.199999999999999734e+00 2.250000000000000444e+00 6.600000000000000000e+02 6.899020647915351523e-01
-2.099999999999999645e+00 2.250000000000000444e+00 4.100000000000000000e+02 6.923227555656588095e-01
-2.099999999999999645e+00 2.250000000000000444e+00 4.600000000000000000e+02 6.843769245466776452e-01
-2.099999999999999645e+00 2.250000000000000444e+00 5.100000000000000000e+02 7.004462273936922223e-01
-2.099999999999999645e+00 2.250000000000000444e+00 5.600000000000000000e+02 7.009730682523902523e-01
-2.099999999999999645e+00 2.250000000000000444e+00 6.100000000000000000e+02 6.920395358576860723e-01
-2.099999999999999645e+00 2.250000000000000444e+00 6.600000000000000000e+02 7.220751087471053431e-01
-1.999999999999999556e+00 2.250000000000000444e+00 4.100000000000000000e+02 7.300330042130357411e-01
-1.999999999999999556e+00 2.250000000000000444e+00 4.600000000000000000e+02 6.813928160115907406e-01
-1.999999999999999556e+00 2.250000000000000444e+00 5.100000000000000000e+02 6.977533649746694433e-01
-1.999999999999999556e+00 2.250000000000000444e+00 5.600000000000000000e+02 6.346468119536049501e-01
-1.999999999999999556e+00 2.250000000000000444e+00 6.100000000000000000e+02 7.504136544320449964e-01
-1.999999999999999556e+00 2.250000000000000444e+00 6.600000000000000000e+02 6.867288668693798392e-01
-1.899999999999999467e+00 2.250000000000000444e+00 4.100000000000000000e+02 6.450502580210095704e-01
-1.899999999999999467e+00 2.250000000000000444e+00 4.600000000000000000e+02 6.296247883216672392e-01
-1.899999999999999467e+00 2.250000000000000444e+00 5.100000000000000000e+02 6.701955146985617562e-01
-1.899999999999999467e+00 2.250000000000000444e+00 5.600000000000000000e+02 7.103504517816062735e-01
-1.899999999999999467e+00 2.250000000000000444e+00 6.100000000000000000e+02 7.099273544448989615e-01
-1.899999999999999467e+00 2.250000000000000444e+00 6.600000000000000000e+02 7.154379942577150375e-01
-2.600000000000000089e+00 2.350000000000000533e+00 4.100000000000000000e+02 6.928090255844517875e-01
-2.600000000000000089e+00 2.350000000000000533e+00 4.600000000000000000e+02 6.253742163816526922e-01
-2.600000000000000089e+00 2.350000000000000533e+00 5.100000000000000000e+02 6.773247944235604168e-01
-2.600000000000000089e+00 2.350000000000000533e+00 5.600000000000000000e+02 6.858853397461316392e-01
-2.600000000000000089e+00 2.350000000000000533e+00 6.100000000000000000e+02 6.955841144986789626e-01
-2.600000000000000089e+00 2.350000000000000533e+00 6.600000000000000000e+02 7.094336708607539288e-01
-2.500000000000000000e+00 2.350000000000000533e+00 4.100000000000000000e+02 6.909071398521948737e-01
-2.500000000000000000e+00 2.350000000000000533e+00 4.600000000000000000e+02 7.439816787892945538e-01
-2.500000000000000000e+00 2.350000000000000533e+00 5.100000000000000000e+02 6.958346220068640786e-01
-2.500000000000000000e+00 2.350000000000000533e+00 5.600000000000000000e+02 6.811920321488561525e-01
-2.500000000000000000e+00 2.350000000000000533e+00 6.100000000000000000e+02 7.272499845430487886e-01
-2.500000000000000000e+00 2.350000000000000533e+00 6.600000000000000000e+02 6.689200541565992753e-01
-2.399999999999999911e+00 2.350000000000000533e+00 4.100000000000000000e+02 6.671480988653351041e-01
-2.399999999999999911e+00 2.350000000000000533e+00 4.600000000000000000e+02 6.438339321443715679e-01
-2.399999999999999911e+00 2.350000000000000533e+00 5.100000000000000000e+02 6.143330918552014630e-01
-2.399999999999999911e+00 2.350000000000000533e+00 5.600000000000000000e+02 6.413128421892727582e-01
-2.399999999999999911e+00 2.350000000000000533e+00 6.100000000000000000e+02 6.337905151319924713e-01
-2.399999999999999911e+00 2.350000000000000533e+00 6.600000000000000000e+02 7.130900398815419594e-01
-2.299999999999999822e+00 2.350000000000000533e+00 4.100000000000000000e+02 7.171870666936279726e-01
-2.299999999999999822e+00 2.350000000000000533e+00 4.600000000000000000e+02 7.248429072582083244e-01
-2.299999999999999822e+00 2.350000000000000533e+00 5.100000000000000000e+02 5.972277758144087789e-01
-2.299999999999999822e+00 2.350000000000000533e+00 5.600000000000000000e+02 6.800047033217880843e-01
-2.299999999999999822e+00 2.350000000000000533e+00 6.100000000000000000e+02 6.593120591877572600e-01
-2.299999999999999822e+00 2.350000000000000533e+00 6.600000000000000000e+02 7.531515993313671053e-01
-2.199999999999999734e+00 2.350000000000000533e+00 4.100000000000000000e+02 6.581773288245327258e-01
-2.199999999999999734e+00 2.350000000000000533e+00 4.600000000000000000e+02 7.127147319146964755e-01
-2.199999999999999734e+00 2.350000000000000533e+00 5.100000000000000000e+02 7.352877288163237601e-01
-2.199999999999999734e+00 2.350000000000000533e+00 5.600000000000000000e+02 6.670264471824011165e-01
-2.199999999999999734e+00 2.350000000000000533e+00 6.100000000000000000e+02 6.223936643261585022e-01
-2.199999999999999734e+00 2.350000000000000533e+00 6.600000000000000000e+02 6.633895090985225673e-01
-2.099999999999999645e+00 2.350000000000000533e+00 4.100000000000000000e+02 6.858756294064277670e-01
-2.099999999999999645e+00 2.350000000000000533e+00 4.600000000000000000e+02 6.417683169646913877e-01
-2.099999999999999645e+00 2.350000000000000533e+00 5.100000000000000000e+02 6.380078443750066830e-01
-2.099999999999999645e+00 2.350000000000000533e+00 5.600000000000000000e+02 6.861305756520745813e-01
-2.099999999999999645e+00 2.350000000000000533e+00 6.100000000000000000e+02 5.838150677378386444e-01
-2.099999999999999645e+00 2.350000000000000533e+00 6.600000000000000000e+02 6.883122883356096455e-01
-1.999999999999999556e+00 2.350000000000000533e+00 4.100000000000000000e+02 6.182737791813890382e-01
-1.999999999999999556e+00 2.350000000000000533e+00 4.600000000000000000e+02 6.430042532164884639e-01
-1.999999999999999556e+00 2.350000000000000533e+00 5.100000000000000000e+02 7.185300359234408907e-01
-1.999999999999999556e+00 2.350000000000000533e+00 5.600000000000000000e+02 7.187240664468449447e-01
-1.999999999999999556e+00 2.350000000000000533e+00 6.100000000000000000e+02 6.298860049948580286e-01
-1.999999999999999556e+00 2.350000000000000533e+00 6.600000000000000000e+02 7.203287321392345399e-01
-1.899999999999999467e+00 2.350000000000000533e+00 4.100000000000000000e+02 6.733866667859075283e-01
-1.899999999999999467e+00 2.350000000000000533e+00 4.600000000000000000e+02 6.384663412160591633e-01
-1.899999999999999467e+00 2.350000000000000533e+00 5.100000000000000000e+02 6.370712806191364264e-01
-1.899999999999999467e+00 2.350000000000000533e+00 5.600000000000000000e+02 6.131230598654718866e-01
-1.899999999999999467e+00 2.350000000000000533e+00 6.100000000000000000e+02 6.722145481722722193e-01
-1.899999999999999467e+00 2.350000000000000533e+00 6.600000000000000000e+02 6.837263591559530340e-01
-2.600000000000000089e+00 2.450000000000000622e+00 4.100000000000000000e+02 5.373820695589586194e-01
-2.600000000000000089e+00 2.450000000000000622e+00 4.600000000000000000e+02 7.096818512980862526e-01
-2.600000000000000089e+00 2.450000000000000622e+00 5.100000000000000000e+02 6.973157406310949158e-01
-2.600000000000000089e+00 2.450000000000000622e+00 5.600000000000000000e+02 6.256298654990855024e-01
-2.600000000000000089e+00 2.450000000000000622e+00 6.100000000000000000e+02 6.227006569064655883e-01
-2.600000000000000089e+00 2.450000000000000622e+00 6.600000000000000000e+02 7.160933393827294546e-01
-2.500000000000000000e+00 2.450000000000000622e+00 4.100000000000000000e+02 6.900686572463963220e-01
-2.500000000000000000e+00 2.450000000000000622e+00 4.600000000000000000e+02 6.653239806057561490e-01
-2.500000000000000000e+00 2.450000000000000622e+00 5.100000000000000000e+02 6.286546300412054755e-01
-2.500000000000000000e+00 2.450000000000000622e+00 5.600000000000000000e+02 7.156674751432440251e-01
-2.500000000000000000e+00 2.450000000000000622e+00 6.100000000000000000e+02 6.991991409615029296e-01
-2.500000000000000000e+00 2.450000000000000622e+00 6.600000000000000000e+02 6.954271816107792104e-01
-2.399999999999999911e+00 2.450000000000000622e+00 4.100000000000000000e+02 6.924958786055769311e-01
-2.399999999999999911e+00 2.450000000000000622e+00 4.600000000000000000e+02 6.173191768894956688e-01
-2.399999999999999911e+00 2.450000000000000622e+00 5.100000000000000000e+02 6.952806173578608417e-01
-2.399999999999999911e+00 2.450000000000000622e+00 5.600000000000000000e+02 6.989076788957772068e-01
-2.399999999999999911e+00 2.450000000000000622e+00 6.100000000000000000e+02 7.040102612724223885e-01
-2.399999999999999911e+00 2.450000000000000622e+00 6.600000000000000000e+02 7.616995121682204051e-01
-2.299999999999999822e+00 2.450000000000000622e+00 4.100000000000000000e+02 6.604439232058518794e-01
-2.299999999999999822e+00 2.450000000000000622e+00 4.600000000000000000e+02 7.268086903237327423e-01
-2.299999999999999822e+00 2.450000000000000622e+00 5.100000000000000000e+02 7.111901460632847893e-01
-2.299999999999999822e+00 2.450000000000000622e+00 5.600000000000000000e+02 6.982276910762443833e-01
-2.299999999999999822e+00 2.450000000000000622e+00 6.100000000000000000e+02 6.212043766435563219e-01
-2.299999999999999822e+00 2.450000000000000622e+00 6.600000000000000000e+02 5.962018410917145905e-01
-2.199999999999999734e+00 2.450000000000000622e+00 4.100000000000000000e+02 6.204486529739311473e-01
-2.199999999999999734e+00 2.450000000000000622e+00 4.600000000000000000e+02 7.110868953180286001e-01
-2.199999999999999734e+00 2.450000000000000622e+00 5.100000000000000000e+02 6.857547393949254833e-01
-2.199999999999999734e+00 2.450000000000000622e+00 5.600000000000000000e+02 7.121329487675117642e-01
-2.199999999999999734e+00 2.450000000000000622e+00 6.100000000000000000e+02 6.981031757760943757e-01
-2.199999999999999734e+00 2.450000000000000622e+00 6.600000000000000000e+02 7.473041822533419420e-01
-2.099999999999999645e+00 2.450000000000000622e+00 4.100000000000000000e+02 7.002054074497313652e-01
-2.099999999999999645e+00 2.450000000000000622e+00 4.600000000000000000e+02 6.524364684359663658e-01
-2.099999999999999645e+00 2.450000000000000622e+00 5.100000000000000000e+02 7.204036768311886663e-01
-2.099999999999999645e+00 2.450000000000000622e+00 5.600000000000000000e+02 6.989303593659166314e-01
-2.099999999999999645e+00 2.450000000000000622e+00 6.100000000000000000e+02 7.243117149776967523e-01
-2.099999999999999645e+00 2.450000000000000622e+00 6.600000000000000000e+02 7.056121254213604255e-01
-1.999999999999999556e+00 2.450000000000000622e+00 4.100000000000000000e+02 6.654820732294233210e-01
-1.999999999999999556e+00 2.450000000000000622e+00 4.600000000000000000e+02 6.974073525935451379e-01
-1.999999999999999556e+00 2.450000000000000622e+00 5.100000000000000000e+02 6.301796796379792731e-01
-1.999999999999999556e+00 2.450000000000000622e+00 5.600000000000000000e+02 6.842124641015570052e-01
-1.999999999999999556e+00 2.450000000000000622e+00 6.100000000000000000e+02 6.870026543279348363e-01
-1.999999999999999556e+00 2.450000000000000622e+00 6.600000000000000000e+02 7.472108287082223077e-01
-1.899999999999999467e+00 2.450000000000000622e+00 4.100000000000000000e+02 6.757726690651028045e-01
-1.899999999999999467e+00 2.450000000000000622e+00 4.600000000000000000e+02 5.868212299698777334e-01
-1.899999999999999467e+00 2.450000000000000622e+00 5.100000000000000000e+02 6.928028932793792727e-01
-1.899999999999999467e+00 2.450000000000000622e+00 5.600000000000000000e+02 6.565377612019580589e-01
-1.899999999999999467e+00 2.450000000000000622e+00 6.100000000000000000e+02 6.403036280268179503e-01
-1.899999999999999467e+00 2.450000000000000622e+00 6.600000000000000000e+02 6.722320377556226800e-01
-2.600000000000000089e+00 2.550000000000000711e+00 4.100000000000000000e+02 6.748709730431237119e-01
-2.600000000000000089e+00 2.550000000000000711e+00 4.600000000000000000e+02 7.168082593158138227e-01
-2.600000000000000089e+00 2.550000000000000711e+00 5.100000000000000000e+02 6.896308193014402121e-01
-2.600000000000000089e+00 2.550000000000000711e+00 5.600000000000000000e+02 7.117968261054757884e-01
-2.600000000000000089e+00 2.550000000000000711e+00 6.100000000000000000e+02 6.031770569022564255e-01
-2.600000000000000089e+00 2.550000000000000711e+00 6.600000000000000000e+02 7.067861744697275794e-01
-2.500000000000000000e+00 2.550000000000000711e+00 4.100000000000000000e+02 6.273508619414124299e-01
-2.500000000000000000e+00 2.550000000000000711e+00 4.600000000000000000e+02 7.155959412595629399e-01
-2.500000000000000000e+00 2.550000000000000711e+00 5.100000000000000000e+02 6.914631633263349508e-01
-2.500000000000000000e+00 2.550000000000000711e+00 5.600000000000000000e+02 7.044380682621822487e-01
-2.500000000000000000e+00 2.550000000000000711e+00 6.100000000000000000e+02 6.759962603873126419e-01
-2.500000000000000000e+00 2.550000000000000711e+00 6.600000000000000000e+02 6.780081591371570626e-01
-2.399999999999999911e+00 2.550000000000000711e+00 4.100000000000000000e+02 6.873694614202512376e-01
-2.399999999999999911e+00 2.550000000000000711e+00 4.600000000000000000e+02 7.490568173092285731e-01
-2.399999999999999911e+00 2.550000000000000711e+00 5.100000000000000000e+02 7.164108952797917373e-01
-2.399999999999999911e+00 2.550000000000000711e+00 5.600000000000000000e+02 6.745525361599483682e-01
-2.399999999999999911e+00 2.550000000000000711e+00 6.100000000000000000e+02 7.116804649671472083e-01
-2.399999999999999911e+00 2.550000000000000711e+00 6.600000000000000000e+02 6.844198363702287402e-01
-2.299999999999999822e+00 2.550000000000000711e+00 4.100000000000000000e+02 7.236174550601089939e-01
-2.299999999999999822e+00 2.550000000000000711e+00 4.600000000000000000e+02 7.066026699760284968e-01
-2.299999999999999822e+00 2.550000000000000711e+00 5.100000000000000000e+02 7.454412309735185538e-01
-2.299999999999999822e+00 2.550000000000000711e+00 5.600000000000000000e+02 7.278318888998187575e-01
-2.299999999999999822e+00 2.550000000000000711e+00 6.100000000000000000e+02 6.788327708659214199e-01
-2.299999999999999822e+00 2.550000000000000711e+00 6.600000000000000000e+02 6.978035801544835159e-01
-2.199999999999999734e+00 2.550000000000000711e+00 4.100000000000000000e+02 6.767132405221478741e-01
-2.199999999999999734e+00 2.550000000000000711e+00 4.600000000000000000e+02 6.350919935693852825e-01
-2.199999999999999734e+00 2.550000000000000711e+00 5.100000000000000000e+02 6.585371641750497052e-01
-2.199999999999999734e+00 2.550000000000000711e+00 5.600000000000000000e+02 7.508078957370121209e-01
-2.199999999999999734e+00 2.550000000000000711e+00 6.100000000000000000e+02 7.234223205232441778e-01
-2.199999999999999734e+00 2.550000000000000711e+00 6.600000000000000000e+02 6.618581616301596471e-01
-2.099999999999999645e+00 2.550000000000000711e+00 4.100000000000000000e+02 7.458562239424173512e-01
-2.099999999999999645e+00 2.550000000000000711e+00 4.600000000000000000e+02 6.505507427279466626e-01
-2.099999999999999645e+00 2.550000000000000711e+00 5.100000000000000000e+02 5.705856077099099588e-01
-2.099999999999999645e+00 2.550000000000000711e+00 5.600000000000000000e+02 6.922409892855888591e-01
-2.099999999999999645e+00 2.550000000000000711e+00 6.100000000000000000e+02 7.010007887811632310e-01
-2.099999999999999645e+00 2.550000000000000711e+00 6.600000000000000000e+02 6.516853732077008132e-01
-1.999999999999999556e+00 2.550000000000000711e+00 4.100000000000000000e+02 5.566062882238145271e-01
-1.999999999999999556e+00 2.550000000000000711e+00 4.600000000000000000e+02 6.515398683182381800e-01
-1.999999999999999556e+00 2.550000000000000711e+00 5.100000000000000000e+02 6.674671258224934567e-01
-1.999999999999999556e+00 2.550000000000000711e+00 5.600000000000000000e+02 6.717455500248276090e-01
-1.999999999999999556e+00 2.550000000000000711e+00 6.100000000000000000e+02 6.037946588715329410e-01
-1.999999999999999556e+00 2.550000000000000711e+00 6.600000000000000000e+02 6.756722000793076166e-01
-1.899999999999999467e+00 2.550000000000000711e+00 4.100000000000000000e+02 7.363206810227110877e-01
-1.899999999999999467e+00 2.550000000000000711e+00 4.600000000000000000e+02 6.507631640332411926e-01
-1.899999999999999467e+00 2.550000000000000711e+00 5.100000000000000000e+02 6.386320273180362550e-01
-1.899999999999999467e+00 2.550000000000000711e+00 5.600000000000000000e+02 6.634882223492618580e-01
-1.899999999999999467e+00 2.550000000000000711e+00 6.100000000000000000e+02 6.688595127351070202e-01
-1.899999999999999467e+00 2.550000000000000711e+00 6.600000000000000000e+02 7.172753770442700239e-01
